	ch	wvl	FWHM
1.00000	448.520	4.48000
2.00000	453.000	4.48000
3.00000	457.480	4.48000
4.00000	461.950	4.48000
5.00000	466.430	4.48000
6.00000	470.910	4.48000
7.00000	475.390	4.48000
8.00000	479.870	4.48000
9.00000	484.350	4.48000
10.0000	488.830	4.48000
11.0000	493.310	4.48000
12.0000	497.780	4.48000
13.0000	502.260	4.48000
14.0000	506.740	4.48000
15.0000	511.220	4.48000
16.0000	515.700	4.48000
17.0000	520.180	4.48000
18.0000	524.660	4.48000
19.0000	529.140	4.48000
20.0000	533.610	4.48000
21.0000	538.090	4.48000
22.0000	542.570	4.48000
23.0000	547.090	4.60000
24.0000	551.730	4.64000
25.0000	556.370	4.64000
26.0000	561.010	4.64000
27.0000	565.660	4.64000
28.0000	570.300	4.64000
29.0000	574.940	4.64000
30.0000	579.580	4.64000
31.0000	584.220	4.64000
32.0000	588.870	4.64000
33.0000	593.510	4.64000
34.0000	598.150	4.64000
35.0000	602.790	4.64000
36.0000	607.440	4.64000
37.0000	612.080	4.64000
38.0000	616.720	4.64000
39.0000	621.360	4.64000
40.0000	626.010	4.64000
41.0000	630.650	4.64000
42.0000	635.290	4.64000
43.0000	639.930	4.65000
44.0000	644.580	4.65000
45.0000	649.230	4.65000
46.0000	653.890	4.65000
47.0000	658.540	4.65000
48.0000	663.190	4.65000
49.0000	667.840	4.65000
50.0000	672.490	4.65000
51.0000	677.140	4.65000
52.0000	681.790	4.65000
53.0000	686.440	4.65000
54.0000	691.090	4.65000
55.0000	695.740	4.66000
56.0000	700.410	4.67000
57.0000	705.070	4.67000
58.0000	709.740	4.67000
59.0000	714.400	4.67000
60.0000	719.070	4.67000
61.0000	723.730	4.67000
62.0000	728.400	4.67000
63.0000	733.070	4.67000
64.0000	737.730	4.67000
65.0000	742.400	4.67000
66.0000	747.060	4.67000
67.0000	775.580	4.76000
68.0000	780.340	4.76000
69.0000	785.110	4.76000
70.0000	789.870	4.76000
71.0000	794.630	4.76000
72.0000	799.400	4.76000
73.0000	804.160	4.76000
74.0000	808.930	4.76000
75.0000	813.690	4.76000
76.0000	818.450	4.76000
77.0000	823.220	4.76000
78.0000	827.980	4.75000
79.0000	832.730	4.75000
80.0000	837.480	4.75000
81.0000	842.240	4.75000
82.0000	846.990	4.75000
83.0000	851.740	4.75000
84.0000	856.500	4.75000
85.0000	861.250	4.75000
86.0000	866.000	4.75000
87.0000	870.760	4.75000
88.0000	1144.87	6.29000
89.0000	1151.16	6.29000
90.0000	1157.45	6.29000
91.0000	1163.73	6.29000
92.0000	1170.02	6.29000
93.0000	1176.31	6.29000
94.0000	1182.60	6.29000
95.0000	1188.88	6.29000
96.0000	1195.17	6.29000
97.0000	1201.46	6.29000
98.0000	1207.75	6.29000
99.0000	1214.03	6.29000
100.000	1220.32	6.29000
101.000	1226.61	6.29000
102.000	1232.90	6.29000
103.000	1239.18	6.29000
104.000	1245.47	6.29000
105.000	1251.76	6.29000
106.000	1258.04	6.29000
107.000	1264.33	6.29000
108.000	1270.62	6.29000
109.000	1276.91	6.29000
110.000	1283.19	6.29000
111.000	1289.48	6.29000
112.000	1295.77	6.29000
113.000	1302.06	6.29000
114.000	1308.34	6.29000
115.000	1314.63	6.29000
116.000	1320.92	6.29000
117.000	1327.21	6.29000
118.000	1490.68	6.29000
119.000	1496.96	6.29000
120.000	1503.25	6.29000
121.000	1509.54	6.29000
122.000	1515.82	6.29000
123.000	1522.11	6.29000
124.000	1528.40	6.29000
125.000	1534.69	6.29000
126.000	1540.97	6.29000
127.000	1547.26	6.29000
128.000	1553.55	6.29000
129.000	1559.84	6.29000
130.000	1566.12	6.29000
131.000	1572.41	6.29000
132.000	1578.70	6.29000
133.000	1584.98	6.29000
134.000	1591.27	6.29000
135.000	1597.56	6.29000
136.000	1603.85	6.29000
137.000	1610.13	6.29000
138.000	1616.42	6.29000
139.000	1622.71	6.29000
140.000	1629.00	6.29000
141.000	1635.28	6.29000
142.000	1641.57	6.29000
143.000	1647.86	6.29000
144.000	1654.15	6.29000
145.000	1660.43	6.29000
146.000	1666.72	6.29000
147.000	1673.01	6.29000
148.000	1679.29	6.29000
149.000	1685.58	6.29000
150.000	1691.87	6.29000
151.000	1698.16	6.29000
152.000	1704.44	6.29000
153.000	1710.73	6.29000
154.000	1717.02	6.29000
155.000	1723.31	6.29000
156.000	1729.59	6.29000
157.000	1735.88	6.29000
158.000	1742.17	6.29000
159.000	1748.46	6.29000
160.000	1754.74	6.29000
161.000	1761.03	6.29000
162.000	1767.32	6.29000
163.000	1773.60	6.29000
164.000	1779.89	6.29000
165.000	1974.80	6.29000
166.000	1981.09	6.29000
167.000	1987.37	6.29000
168.000	1993.66	6.29000
169.000	1999.95	6.29000
170.000	2006.23	6.29000
171.000	2012.52	6.29000
172.000	2018.81	6.29000
173.000	2025.10	6.29000
174.000	2031.38	6.29000
175.000	2037.67	6.29000
176.000	2043.96	6.29000
177.000	2050.25	6.29000
178.000	2056.53	6.29000
179.000	2062.82	6.29000
180.000	2069.11	6.29000
181.000	2075.40	6.29000
182.000	2081.68	6.29000
183.000	2087.97	6.29000
184.000	2094.26	6.29000
185.000	2100.54	6.29000
186.000	2106.83	6.29000
187.000	2113.12	6.29000
188.000	2119.41	6.29000
189.000	2125.69	6.29000
190.000	2131.98	6.29000
191.000	2138.27	6.29000
192.000	2144.56	6.29000
193.000	2150.84	6.29000
194.000	2157.13	6.29000
195.000	2163.42	6.29000
196.000	2169.71	6.29000
197.000	2175.99	6.29000
198.000	2182.28	6.29000
199.000	2188.57	6.29000
200.000	2194.85	6.29000
201.000	2201.14	6.29000
202.000	2207.43	6.29000
203.000	2213.72	6.29000
204.000	2220.00	6.29000
205.000	2226.29	6.29000
206.000	2232.58	6.29000
207.000	2238.87	6.29000
208.000	2245.15	6.29000
209.000	2251.44	6.29000
210.000	2257.73	6.29000
211.000	2264.01	6.29000
212.000	2270.30	6.29000
213.000	2276.59	6.29000
214.000	2282.88	6.29000
215.000	2289.16	6.29000
216.000	2295.45	6.29000
217.000	2301.74	6.29000
218.000	2308.03	6.29000
219.000	2314.31	6.29000
220.000	2320.60	6.29000
221.000	2326.89	6.29000
222.000	2333.18	6.29000
223.000	2339.46	6.29000
224.000	2345.75	6.29000
225.000	2352.04	6.29000
226.000	2358.32	6.29000
227.000	2364.61	6.29000
228.000	2370.90	6.29000
229.000	2377.19	6.29000
230.000	2383.47	6.29000


