band	centre	FWHM	
1	375.274994	10.1349	
2	386.39801	11.64	
3	399.375	14.4614	
4	413.342987	13.4387	
5	426.674988	13.1934	
6	439.148987	11.6659	
7	450.570007	11.1285	
8	461.28299	10.2488	
9	470.950989	9.03236	
10	480.312988	9.68008	
11	489.770996	9.2048	
12	499.276001	9.80755	
13	508.753998	9.12477	
14	517.474976	8.28939	
15	525.265015	7.26141	
16	532.710999	7.61533	
17	539.719971	6.37092	
18	546.219971	6.62659	
19	552.117981	5.14938	
20	557.346985	5.30986	
21	562.742981	5.47904	
22	568.312988	5.65642	
23	573.090027	4.00417	
24	577.01001	4.09234	
25	581.018005	4.18245	
26	585.117004	4.27667	
27	589.309021	4.37433	
28	593.598999	4.47636	
29	597.989014	4.58242	
30	602.481995	4.69131	
31	607.08197	4.80477	
32	611.79303	4.92237	
33	616.617004	5.04376	
34	620.307983	3.45086	
35	622.807983	3.49715	
36	625.338989	3.54448	
37	627.900024	3.59286	
38	630.492004	3.64231	
39	633.11499	3.69284	
40	635.770996	3.74444	
41	638.458984	3.79707	
42	641.18103	3.85066	
43	643.937988	3.90514	
44	646.72998	3.96045	
45	649.557983	4.01653	
46	652.422974	4.07331	
47	655.325989	4.13072	
48	658.268982	4.1887	
49	661.250977	4.24719	
50	664.27301	4.30611	
51	667.338013	4.36541	
52	670.44397	4.42503	
53	673.593994	4.48488	
54	676.788025	4.54492	
55	680.026978	4.60507	
56	683.312012	4.66534	
57	686.643982	4.72598	
58	690.025024	4.78733	
59	693.455017	4.84971	
60	696.934998	4.91344	
61	700.468018	4.97887	
62	704.052979	5.0463	
63	707.692017	5.11607	
64	711.387024	5.18852	
65	715.138	5.26395	
66	718.947021	5.34271	
67	722.815002	5.42511	
68	726.742981	5.51149	
69	730.731995	5.60196	
70	734.781982	5.69581	
71	738.89502	5.79212	
72	743.070007	5.88997	
73	747.307007	5.98842	
74	751.609009	6.08657	
75	755.973022	6.18348	
76	760.403015	6.27823	
77	764.896973	6.37045	
78	769.458008	6.4619	
79	774.091003	6.55491	
80	778.796997	6.65179	
81	783.580994	6.75486	
82	788.44397	6.86645	
83	793.390991	6.98885	
84	798.424011	7.1244	
85	803.546997	7.27541	
86	808.760986	7.44419	
87	814.070984	7.63196	
88	819.476013	7.83548	
89	824.974976	8.05042	
90	830.567993	8.27242	
91	836.254028	8.49716	
92	842.031982	8.72029	
93	847.901978	8.93746	
94	853.862976	9.14435	
95	859.914978	9.3366	
96	866.05603	9.50988	
97	872.286011	9.65985	
98	878.60498	9.78216	
99	885.012024	9.87247	
100	891.505981	9.92645	
101	898.086975	9.93974	
102	904.752991	9.90803	
103	911.505005	9.82695	
104	918.341003	9.69217	
105	925.262024	9.49935	
106	932.265991	9.24415	
107	939.35199	8.92222	
108	946.520996	8.52923	
109	953.770996	8.06084	
110	961.10199	7.51271	
111	968.513	6.88048	
112	976.002991	6.15983	
113	983.572021	5.34641	
114	991.242004	10.1718	
115	1000.960022	10.261	
116	1010.669983	10.3471	
117	1020.369995	10.4301	
118	1030.069946	10.5103	
119	1039.76001	10.5876	
120	1049.439941	10.6621	
121	1059.119995	10.7338	
122	1068.790039	10.8028	
123	1078.449951	10.8691	
124	1088.099976	10.9329	
125	1097.73999	10.9941	
126	1107.380005	11.0528	
127	1117.01001	11.1091	
128	1126.630005	11.1629	
129	1136.23999	11.2144	
130	1145.839966	11.2637	
131	1155.439941	11.3107	
132	1165.02002	11.3555	
133	1174.599976	11.3981	
134	1184.160034	11.4387	
135	1193.719971	11.4771	
136	1203.26001	11.5136	
137	1212.800049	11.5482	
138	1222.319946	11.5808	
139	1231.829956	11.6115	
140	1241.339966	11.6404	
141	1250.829956	11.6675	
142	1260.310059	11.6929	
143	1269.780029	11.7166	
144	1279.23999	11.7386	
145	1288.680054	11.7591	
146	1298.119995	11.7779	
147	1307.540039	11.7952	
148	1316.949951	11.811	
149	1326.349976	11.8253	
150	1335.72998	11.8382	
151	1345.109985	11.8498	
152	1354.469971	11.8599	
153	1363.810059	11.8688	
154	1373.140015	11.8764	
155	1382.459961	11.8828	
156	1391.77002	11.8879	
157	1401.060059	11.8919	
158	1410.339966	11.8947	
159	1419.599976	11.8964	
160	1428.849976	11.8971	
161	1438.079956	11.8967	
162	1447.300049	11.8953	
163	1456.51001	11.8929	
164	1465.699951	11.8895	
165	1474.869995	11.8853	
166	1484.030029	11.8801	
167	1493.170044	11.874	
168	1502.300049	11.8671	
169	1511.400024	11.8594	
170	1520.5	11.8509	
171	1529.579956	11.8417	
172	1538.640015	11.8317	
173	1547.680054	11.821	
174	1556.699951	11.8096	
175	1565.709961	11.7975	
176	1574.709961	11.7847	
177	1583.680054	11.7714	
178	1592.640015	11.7574	
179	1601.569946	11.7429	
180	1610.48999	11.7278	
181	1619.390015	11.7121	
182	1628.280029	11.6959	
183	1637.140015	11.6793	
184	1645.98999	11.6621	
185	1654.810059	11.6444	
186	1663.619995	11.6263	
187	1672.400024	11.6077	
188	1681.170044	11.5888	
189	1689.920044	11.5694	
190	1698.650024	11.5496	
191	1707.349976	11.5294	
192	1716.040039	11.5088	
193	1724.709961	11.4879	
194	1733.349976	11.4667	
195	1741.969971	11.4451	
196	1750.579956	11.4231	
197	1759.160034	11.4009	
198	1767.719971	11.3783	
199	1776.26001	11.3555	
200	1784.77002	11.3323	
201	1793.27002	11.3089	
202	1801.73999	11.2852	
203	1810.189941	11.2612	
204	1818.619995	11.2369	
205	1827.02002	11.2124	
206	1835.400024	11.1876	
207	1843.76001	11.1626	
208	1852.089966	11.1373	
209	1860.400024	11.1118	
210	1868.689941	11.086	
211	1876.949951	11.06	
212	1885.189941	11.0337	
213	1893.400024	11.0072	
214	1901.589966	10.9804	
215	1909.76001	10.9534	
216	1917.900024	10.9262	
217	1926.01001	10.8987	
218	1934.099976	10.8709	
219	1942.160034	10.8429	
220	1950.199951	10.8147	
221	1958.209961	10.7861	
222	1966.199951	10.7573	
223	1974.160034	10.7282	
224	1982.089966	10.6989	
225	1990.0	10.6692	
226	1997.880005	10.6393	
227	2005.73999	10.609	
228	2013.560059	10.5784	
229	2021.359985	10.5475	
230	2029.130005	10.5163	
231	2036.880005	10.4847	
232	2044.589966	10.4528	
233	2052.280029	10.4205	
234	2059.939941	10.3878	
235	2067.570068	10.3547	
236	2075.169922	10.3212	
237	2082.73999	10.2873	
238	2090.290039	10.253	
239	2097.800049	10.2182	
240	2105.290039	10.1829	
241	2112.73999	10.1472	
242	2120.169922	10.111	
243	2127.570068	10.0742	
244	2134.929932	10.0369	
245	2142.27002	9.99902	
246	2149.580078	9.96058	
247	2156.850098	9.92155	
248	2164.090088	9.88189	
249	2171.310059	9.8416	
250	2178.48999	9.80065	
251	2185.639893	9.75901	
252	2192.76001	9.71666	
253	2199.840088	9.67359	
254	2206.899902	9.62976	
255	2213.919922	9.58514	
256	2220.909912	9.53972	
257	2227.870117	9.49347	
258	2234.790039	9.44636	
259	2241.679932	9.39837	
260	2248.540039	9.34945	
261	2255.370117	9.2996	
262	2262.159912	9.24877	
263	2268.919922	9.19694	
264	2275.639893	9.14407	
265	2282.330078	9.09015	
266	2288.98999	9.03512	
267	2295.610107	8.97897	
268	2302.199951	8.92166	
269	2308.75	8.86315	
270	2315.27002	8.80342	
271	2321.75	8.74242	
272	2328.189941	8.68012	
273	2334.610107	8.6165	
274	2340.97998	8.5515	
275	2347.320068	8.48509	
276	2353.620117	8.41724	
277	2359.889893	8.3479	
278	2366.120117	8.27705	
279	2372.320068	8.20463	
280	2378.469971	8.13061	
281	2384.590088	8.05495	
282	2390.679932	7.9776	
283	2396.719971	7.89853	
284	2402.72998	7.81769	
285	2408.699951	7.73505	
286	2414.629883	7.65054	
287	2420.52002	7.56414	
288	2426.379883	7.4758	
289	2432.199951	7.38547	
290	2437.97998	7.2931	
291	2443.709961	7.19866	
292	2449.409912	7.10208	
293	2455.080078	7.00333	
294	2460.699951	6.90235	
295	2466.280029	6.7991	
296	2471.820068	6.69353	
297	2477.320068	6.58558	
298	2482.790039	6.47521	
299	2488.209961	6.36236	
300	2493.590088	6.24699	
