2 !No of header lines including this one
YOUNG	OLD1	OLD2	
3 1201 !number of soils, number of bands
1	2	3	!soilcode
0.84	0.84	0.84	!b
0.68	0.68	0.68	!c
0.3	0.3	0.3	!bo
0.23	0.23	0.23	!h
0.0357022836667	0.0318666226333	0.0306910535667	
0.035976532	0.03216082085	0.0310077149	
0.036632526	0.03264408425	0.0316087863	
0.0363361913333	0.0325514260167	0.0315259166333	
0.0360627446667	0.0325808015333	0.0315610704667	
0.0359163176667	0.0327888024833	0.0317683484667	
0.0359937523333	0.0332423943667	0.0321886583333	
0.0359807693333	0.0336579424167	0.0325414784333	
0.0358686933333	0.0338870832667	0.0326985280333	
0.0358884016667	0.0338919310833	0.0326987222667	
0.0356949763333	0.0336883027667	0.0325499514333	
0.0357762216667	0.0336775695833	0.0325956995667	
0.0360085333333	0.0337794198667	0.0327128299333	
0.0361460423333	0.0338607175667	0.0327880716333	
0.0361391826667	0.0339760775833	0.0328639841667	
0.036119319	0.0341514775	0.0329844023	
0.03611192	0.0341744433	0.0330044814	
0.0361894536667	0.0343161943333	0.0331522622667	
0.0363298996667	0.0344689918333	0.0333473711667	
0.036476744	0.0345135322	0.033458923	
0.0367748	0.03468362965	0.033711102	
0.0369641103333	0.0348832799167	0.0339315502333	
0.0370893966667	0.0350803022833	0.0341048540667	
0.037079321	0.03515144685	0.0341494312	
0.0369756163333	0.0351614399667	0.0341198528333	
0.036888178	0.03519526445	0.0341145749	
0.0367940883333	0.0352014121667	0.0340776986333	
0.0369617356667	0.0353062761833	0.0341948938667	
0.0372299936667	0.0354530507833	0.0343641492667	
0.0375829403333	0.0357183195167	0.0346246147333	
0.0377966866667	0.0358526648833	0.0347597021667	
0.037830675	0.0358457551	0.0347239237	
0.0379179136667	0.0358452918333	0.0347108572667	
0.0381878413333	0.0359619796167	0.0348478570333	
0.038527705	0.03616890665	0.0350799265	
0.038817677	0.0364071784	0.035342563	
0.0391317206667	0.0366309631833	0.0356201316667	
0.0393366246667	0.0367682673333	0.0357733701667	
0.0395463326667	0.0369054239833	0.0358981137667	
0.0396333076667	0.0369918253833	0.0359421111667	
0.0397533643333	0.0370681288167	0.0360066513333	
0.0399301666667	0.0371598997833	0.0361110661667	
0.0400889666667	0.0372674831333	0.0362161747667	
0.0402849743333	0.0374323321167	0.0363744011333	
0.0406164533333	0.0376909420667	0.0366526296333	
0.0409971896667	0.0379889977833	0.0369851288667	
0.0412021233333	0.0381940172667	0.0371901051333	
0.041346641	0.03830128675	0.0373178753	
0.041516926	0.0384071198	0.0374465222	
0.0415687446667	0.0384920679333	0.0374996080667	
0.0415504073333	0.0385737512167	0.0375469111333	
0.0415447453333	0.0386835591167	0.0376369969333	
0.0415438576667	0.0388086930833	0.0377328060667	
0.0415253123333	0.0389031909667	0.0378045906333	
0.0414961163333	0.0389972460667	0.0378608244333	
0.0414019463333	0.0390227248167	0.0378263735333	
0.0413890186667	0.0390540350333	0.0378251618667	
0.0415181036667	0.0391392972833	0.0379192792667	
0.0416409733333	0.0392359887167	0.0380353566333	
0.041730562	0.03933877795	0.0381496506	
0.0417783103333	0.0394308238667	0.0382370210333	
0.0418594986667	0.0395341691833	0.0383402434667	
0.0420677533333	0.0396847948667	0.0385248043333	
0.0422687106667	0.0398238753333	0.0387044864667	
0.042396046	0.0398911688	0.0388178884	
0.042457527	0.03987767675	0.0388672642	
0.042503149	0.0398993153	0.0389275343	
0.042547233	0.0399474126	0.0389922392	
0.0425382533333	0.0399623124167	0.0390156854333	
0.042549669	0.0399740287	0.0390424318	
0.0425664913333	0.0399290331167	0.0390340050333	
0.0426225743333	0.0398986777167	0.0390387995333	
0.0427301606667	0.0399442290333	0.0390935125667	
0.0428441616667	0.0399251965833	0.0390981734667	
0.042959945	0.039883823	0.0390898804	
0.0431712286667	0.0399304202833	0.0391784510667	
0.0433535746667	0.0400320448333	0.0392980824667	
0.0435211023333	0.0401297753167	0.0394066428333	
0.0436934026667	0.0402207799333	0.0395051864667	
0.0438471413333	0.0403203212167	0.0396054951333	
0.044058967	0.04046254795	0.0397585134	
0.0442611566667	0.0405984750833	0.0399106395667	
0.0444093156667	0.0406811490333	0.0400142027667	
0.0445361646667	0.0407694312333	0.0401129779667	
0.0446525626667	0.0408674452833	0.0402137902667	
0.044758576	0.0409639147	0.0403087133	
0.0448285826667	0.0410472476833	0.0403992843667	
0.0448771923333	0.0411190741167	0.0404864397333	
0.0449288093333	0.0411785499667	0.0405676889333	
0.0450060503333	0.0412862170667	0.0406788195333	
0.045114174	0.0414287511	0.0408230436	
0.0452411953333	0.0415669372667	0.0409757357333	
0.045385131	0.04178716475	0.0411930401	
0.0455625166667	0.0420592364833	0.0414642695667	
0.0458043073333	0.0423823355667	0.0417894389333	
0.0460907673333	0.0427149068167	0.0421275690333	
0.046381861	0.04310594705	0.0425041902	
0.0466548263333	0.0435384947667	0.0429015037333	
0.0470000126667	0.0440313116833	0.0433634845667	
0.0473794306667	0.0445797389833	0.0438775519667	
0.0477343146667	0.0451549133833	0.0443989670667	
0.048065926	0.0457808546	0.0449419452	
0.0483669446667	0.0464365900333	0.0454997401667	
0.0486549063333	0.0471414626167	0.0460902061333	
0.0489698313333	0.0479338829667	0.0467518542333	
0.049318923	0.04882070145	0.0474825705	
0.049644851	0.0497429188	0.0482290076	
0.0499289966667	0.0507036609333	0.0489897430667	
0.050191742	0.05173712795	0.049799881	
0.050449735	0.0528570681	0.0506675516	
0.050742078	0.0540790243	0.0516144246	
0.0510668856667	0.0553842280833	0.0526332217667	
0.0514098673333	0.0567752164167	0.0537155489333	
0.0517551306667	0.0582537077833	0.0548595411667	
0.0520977716667	0.0598289305833	0.0560714750667	
0.0524356806667	0.0614768093833	0.0573304939667	
0.0527926363333	0.0632197615667	0.0586640607333	
0.0531896133333	0.0650633029167	0.0600866517333	
0.0535578483333	0.0669436516667	0.0615303891333	
0.0538939373333	0.0688634795167	0.0629981852333	
0.0542327313333	0.0708158042667	0.0644973799333	
0.054591593	0.0727907329	0.0660220398	
0.0549583436667	0.0747727550333	0.0675568865667	
0.0553226753333	0.0767363524667	0.0690843572333	
0.0556586996667	0.0786309820333	0.0705633192667	
0.0560033983333	0.0804798749667	0.0720156963333	
0.0563321993333	0.0822542485167	0.0734146893333	
0.0566979923333	0.0839756975667	0.0747851445333	
0.0571330103333	0.0856390812667	0.0761287958333	
0.057539904	0.08719356805	0.077390145	
0.0579222733333	0.0886224453667	0.0785563552333	
0.0583219553333	0.0899623544667	0.0796594159333	
0.0587244033333	0.0911985266667	0.0806792973333	
0.059140919	0.09234197655	0.0816295912	
0.0595654723333	0.0933941464667	0.0825136641333	
0.060001353	0.09435321715	0.0833294275	
0.0604232423333	0.0952226271167	0.0840783931333	
0.0608272823333	0.0960114117167	0.0847628672333	
0.061256534	0.09673651115	0.0854049537	
0.061697416	0.09740536135	0.0860071186	
0.062139102	0.0980311927	0.086575917	
0.0626057906667	0.0986358669833	0.0871371519667	
0.063080713	0.09922518695	0.0876898183	
0.0635522493333	0.0997884194167	0.0882267057333	
0.063995405	0.10031652295	0.0887350937	
0.0644743086667	0.100859442783	0.0892558714667	
0.0649524263333	0.101383464367	0.0897582477333	
0.065378961	0.10186168935	0.0902155591	
0.0658197723333	0.102312491417	0.0906549786333	
0.0662809843333	0.102736693767	0.0910747746333	
0.066731648	0.1031006185	0.0914420082	
0.0671827773333	0.103409729717	0.0917671242333	
0.0676643353333	0.103657539617	0.0920494237333	
0.0681547943333	0.103815115667	0.0922630045333	
0.0686382613333	0.103874224917	0.0924037377333	
0.0690981703333	0.103820260617	0.0924539901333	
0.069560758	0.10365089705	0.0924158545	
0.0700269786667	0.103362720633	0.0922910606667	
0.0705209453333	0.103000983867	0.0921193617333	
0.0710139226667	0.102549956383	0.0918829357667	
0.0714929756667	0.102020528983	0.0915872983667	
0.0719664636667	0.101412916583	0.0912362657667	
0.0724369743333	0.100727657817	0.0908279557333	
0.0729201093333	0.0999836109167	0.0903746439333	
0.0733967996667	0.0991650936833	0.0898660931667	
0.0738731306667	0.0982910319833	0.0893220151667	
0.0743444303333	0.0973640562167	0.0887406630333	
0.0748095756667	0.0963907846333	0.0881228620667	
0.075272113	0.0953988063	0.0874933561	
0.075736169	0.09439224855	0.0868571432	
0.076223961	0.09338069285	0.0862246423	
0.076707559	0.09235962065	0.0855839335	
0.077159823	0.09134094645	0.0849415864	
0.0775809733333	0.0903361126167	0.0843068908333	
0.078017811	0.0893637719	0.0837017451	
0.0784709973333	0.0884514497167	0.0831447701333	
0.0789504643333	0.0876287703667	0.0826605670333	
0.0794391393333	0.0868758414167	0.0822299849333	
0.0799329246667	0.0861908813833	0.0818523952667	
0.0804166176667	0.0855660333833	0.0815174136667	
0.08089258	0.0849899521	0.0812173737	
0.081397192	0.0844744756	0.0809683769	
0.08191384	0.0840164174	0.080764984	
0.0824229526667	0.0836062156333	0.0805969603667	
0.082902221	0.0832213683	0.0804373542	
0.0833805553333	0.0828817312167	0.0803091603333	
0.0838681073333	0.0825964310667	0.0802245794333	
0.0843557006667	0.0823433559333	0.0801649253667	
0.0848301616667	0.0821149579833	0.0801194960667	
0.085284787	0.0819078595	0.0800823518	
0.085701109	0.08171625965	0.0800486324	
0.086100301	0.0815456842	0.0800254336	
0.0865196996667	0.0814090634833	0.0800296242667	
0.0869618566667	0.0813163767333	0.0800681996667	
0.087399896	0.08125379845	0.0801270184	
0.0878428283333	0.0812089033167	0.0802020887333	
0.0882781816667	0.0811600749833	0.0802754875667	
0.088721262	0.08112214355	0.0803593744	
0.0891623933333	0.0810713918667	0.0804379844333	
0.089616016	0.08100212535	0.0805090449	
0.0900588096667	0.0809059820833	0.0805586011667	
0.0904994223333	0.0807859095667	0.0805939796333	
0.0909257026667	0.0806231063833	0.0805988189667	
0.0913705106667	0.0804362871833	0.0805964019667	
0.091835936	0.080232487	0.0805934864	
0.0922955356667	0.0799962272333	0.0805697558667	
0.092737962	0.0797195108	0.0805148931	
0.0931878556667	0.0794137772333	0.0804431345667	
0.0936327283333	0.0790694848667	0.0803432767333	
0.0940911976667	0.0787046251333	0.0802328422667	
0.094606906	0.07835177845	0.0801456549	
0.09510708	0.0779905723	0.0800541728	
0.0955920343333	0.0776269523167	0.0799584855333	
0.0961053013333	0.0772780213667	0.0798792168333	
0.096629044	0.07694641775	0.0798158871	
0.0971481803333	0.0766274776667	0.0797600837333	
0.097636511	0.0763062581	0.0796949287	
0.0981327043333	0.0760243659667	0.0796557519333	
0.0986331203333	0.0757787900167	0.0796403819333	
0.0991407413333	0.0755799096667	0.0796602471333	
0.0996476746667	0.0754217184333	0.0797066855667	
0.100178183333	0.0753201731167	0.0797957796333	
0.100712941667	0.0752704716333	0.0799184575667	
0.101230889	0.0752607221	0.0800600145	
0.101760732	0.0752850482	0.0802243057	
0.102301698333	0.0753430908667	0.0804144850333	
0.102815165333	0.0754037095667	0.0805987469333	
0.10332253	0.0754727299	0.0807866276	
0.103847872667	0.0755582044833	0.0809943276667	
0.104352915	0.0756356759	0.0811968291	
0.104824106333	0.0756861143167	0.0813692248333	
0.105288327	0.07570536385	0.0815174283	
0.105729424	0.07567723265	0.0816312439	
0.106137232667	0.0755917331333	0.0816997295667	
0.106519892667	0.0754529949333	0.0817327184667	
0.106907765667	0.0752792989833	0.0817515385667	
0.107294365333	0.0750521269167	0.0817410770333	
0.107647604	0.07475134615	0.0816764693	
0.107980071	0.0744031314	0.0815802173	
0.108298669333	0.0740157657667	0.0814593299333	
0.108610011667	0.0735894482833	0.0813158574667	
0.108895123	0.0731236931	0.0811432386	
0.109170035333	0.0726305609167	0.0809529148333	
0.109445370667	0.0721433774333	0.0807727302667	
0.109708704333	0.0716625582167	0.0805947355333	
0.109987143	0.07120751765	0.0804364875	
0.110281672667	0.0707860198333	0.0803041503667	
0.110582393333	0.0704010051667	0.0801938955333	
0.110868775667	0.0700389163833	0.0800893279667	
0.111187005667	0.0697144612333	0.0800138893667	
0.111531883333	0.0694324748667	0.0799696298333	
0.111896476	0.0691860944	0.0799523789	
0.112289263667	0.0689684328333	0.0799630617667	
0.11270729	0.0687641412	0.0799896	
0.113129753667	0.0685574726333	0.0800155073667	
0.113523287333	0.0683204261167	0.0800126001333	
0.113913258	0.06807110095	0.0800034468	
0.114294750333	0.0677981699167	0.0799804034333	
0.114671568333	0.0674916043167	0.0799363196333	
0.115018008333	0.0671527637167	0.0798639274333	
0.115332987667	0.0667972932833	0.0797746165667	
0.115642700667	0.0664463361333	0.0796876930667	
0.115937522	0.0661023196	0.0795993937	
0.116227260333	0.0657762167167	0.0795214898333	
0.116519212333	0.0654793540167	0.0794626519333	
0.116824688	0.06522594175	0.0794343526	
0.11711844	0.06500412005	0.0794196437	
0.117433764333	0.0648357105667	0.0794414225333	
0.117785973667	0.0647331197333	0.0795107060667	
0.118179773667	0.0646961855333	0.0796307205667	
0.118602697	0.0647111528	0.0797904322	
0.119059045333	0.0647738848667	0.0799886463333	
0.119577974333	0.0649020881167	0.0802450067333	
0.120129146333	0.0650681128667	0.0805312775333	
0.120716577667	0.0652731633833	0.0808510645667	
0.121343210667	0.0655250198333	0.0812100378667	
0.12204058	0.06583374905	0.0816202415	
0.122807785	0.06619975855	0.0820827766	
0.123641628	0.06663334875	0.0826025159	
0.124587349667	0.0671583518333	0.0832043048667	
0.125625681	0.06777149995	0.0838745649	
0.126737417667	0.0684903388833	0.0846153726667	
0.127918554	0.0693449322	0.0854401666	
0.129152284667	0.0703396281333	0.0863408368667	
0.130437462333	0.0715220760167	0.0873439428333	
0.131780659333	0.0729448493667	0.0884853871333	
0.133147423333	0.0746259993167	0.0897652495333	
0.134526681667	0.0766111382833	0.0912150134667	
0.135885083667	0.0789335052833	0.0928545167667	
0.137212454	0.0816290146	0.0947105151	
0.138521609667	0.0847400377833	0.0968253278667	
0.139771064	0.08827491245	0.0992070545	
0.140982646	0.0922684009	0.1019011476	
0.142150509333	0.0967039132167	0.104906406733	
0.143277029667	0.101561953833	0.108227566567	
0.144367106667	0.106819747883	0.111866059467	
0.145409185667	0.112425416383	0.115788672967	
0.146434196333	0.118335507367	0.119983157833	
0.147441629333	0.124493464917	0.124413461633	
0.148406888	0.13083274425	0.1290289143	
0.149320611667	0.137261358433	0.133762924467	
0.150187992333	0.143700102117	0.138556613533	
0.151036972667	0.150139511283	0.143403461567	
0.151860398333	0.156535322067	0.148265276133	
0.152664646	0.1628453222	0.1531078173	
0.153451984333	0.169054625517	0.157916626233	
0.154205101333	0.175150055517	0.162669447433	
0.154936556333	0.181132565717	0.167364737933	
0.155679577333	0.187033466417	0.172031475833	
0.156410897	0.1928385069	0.1766515189	
0.15712765	0.1985411465	0.181215224	
0.157836472667	0.204155067033	0.185732129267	
0.158536037333	0.209692362317	0.190211233833	
0.159244669667	0.215187861583	0.194679326367	
0.159933282667	0.220599361983	0.199096013167	
0.160627043	0.2259359784	0.2034771944	
0.161317952667	0.231201355783	0.207820545867	
0.161975839333	0.236356570517	0.212088891533	
0.162600228	0.24136185355	0.2162531289	
0.163232179333	0.246266916667	0.220358326633	
0.163873947	0.25106927565	0.2243989544	
0.164511150667	0.255744456583	0.228351999367	
0.165165429333	0.260292586017	0.232221446933	
0.165821212333	0.264695922217	0.235989662633	
0.166465529	0.26894357205	0.2396409645	
0.167094732	0.2730114347	0.2431539233	
0.167712194	0.2769201348	0.2465450615	
0.168326062333	0.280664535717	0.249809105933	
0.168955618333	0.284247252717	0.252948363333	
0.169584254333	0.287657138167	0.255951694733	
0.170208176	0.29089777305	0.2588177041	
0.170797856333	0.293923847867	0.261502811533	
0.171369850667	0.296742699483	0.264018392267	
0.171943907667	0.299399426683	0.266401778967	
0.172496595667	0.301858494533	0.268618610567	
0.17303503	0.30414296795	0.2706888908	
0.173571385667	0.306248725283	0.272612104567	
0.174125991333	0.308226792867	0.274431088233	
0.174676258333	0.310072975167	0.276136639433	
0.175234577667	0.311804746733	0.277745356767	
0.17580788	0.31343345555	0.2792678228	
0.176372013667	0.314943166633	0.280686854967	
0.176951559667	0.316367547833	0.282032855967	
0.17752902	0.3176841354	0.2832843239	
0.178118524667	0.318929791583	0.284475589767	
0.178729592333	0.320113406417	0.285614825133	
0.179331053333	0.321186508017	0.286657385733	
0.179898441	0.32213690255	0.2875907916	
0.180445792	0.32298300035	0.2884306633	
0.180967411333	0.323704597817	0.289160568933	
0.181504397	0.3243674149	0.289842584	
0.182040190667	0.324964205433	0.290467174667	
0.182543665333	0.325458848667	0.290998581933	
0.183047866	0.3259110516	0.2914912466	
0.183555812667	0.326310007433	0.291939086667	
0.184070194	0.32668841995	0.2923683825	
0.184589706667	0.327058008833	0.292786483367	
0.185111961	0.3274049011	0.2931823666	
0.185624238333	0.327708697517	0.293540940633	
0.186141988	0.3280111385	0.2938954637	
0.186674917667	0.328322365883	0.294257493267	
0.187201591333	0.328607106617	0.294596440533	
0.187713444	0.3288732101	0.2949161193	
0.188198000667	0.329102990433	0.295199591267	
0.188672849333	0.329309674767	0.295459218433	
0.189142703667	0.329499719633	0.295704508667	
0.189616118	0.3296955506	0.2959539193	
0.190084743	0.32987563875	0.2961875272	
0.190565517	0.33004996965	0.2964200058	
0.191044767	0.33021743845	0.2966455945	
0.191521761667	0.330391563283	0.296872657267	
0.191992918667	0.330547835433	0.297082636667	
0.192456213667	0.330686338333	0.297276372767	
0.192903822333	0.330787709517	0.297437355633	
0.193351124	0.33087990785	0.2975901849	
0.193776972	0.3309550275	0.2977254537	
0.194197033	0.33103563745	0.2978631227	
0.194614372	0.33112639495	0.2980028755	
0.195025528	0.33120681205	0.2981348786	
0.195415117	0.331254171	0.2982379014	
0.195792832	0.33129780035	0.2983342187	
0.196174177	0.3313491038	0.2984355749	
0.196598739667	0.331468665733	0.298599263767	
0.197011884	0.3315728571	0.2987501276	
0.197408613667	0.331671642383	0.298891692967	
0.197814672667	0.331773152233	0.299038934067	
0.198243993333	0.331899674667	0.299212362933	
0.198686912333	0.332067838467	0.299419121233	
0.199139388	0.33225769125	0.2996431685	
0.199548851667	0.332382948633	0.299807239267	
0.199941227333	0.332497452167	0.299959854233	
0.200325835667	0.332602973233	0.300105199667	
0.200738864667	0.332753659183	0.300291701667	
0.201136910333	0.332890289367	0.300462839333	
0.201516772667	0.332994854933	0.300603652467	
0.201867211333	0.333067937867	0.300712228633	
0.202189019667	0.333109036333	0.300792085667	
0.202512952333	0.333154831717	0.300876605033	
0.202849209333	0.333224771417	0.300980105833	
0.203211949333	0.333348290267	0.301129405533	
0.203559184	0.3334646344	0.301270415	
0.203871289667	0.333523953683	0.301359723967	
0.204165674667	0.333558226183	0.301425668867	
0.204478165333	0.333610740067	0.301511036333	
0.204805158333	0.333699264667	0.301626589933	
0.205142523333	0.333819136667	0.301768410733	
0.205474928667	0.333932709833	0.301905049167	
0.205799844333	0.334032522417	0.302031303333	
0.20616132	0.33416948325	0.3021950694	
0.206553382	0.33433819015	0.3023901125	
0.206939214	0.33449922735	0.3025758381	
0.207303302667	0.334625384333	0.302732562567	
0.207650865333	0.334747559717	0.302880808433	
0.207988338	0.3348863733	0.3030349242	
0.208307295333	0.334992244117	0.303162120833	
0.208616891333	0.335080211917	0.303274447133	
0.208910823333	0.335159208817	0.303374446733	
0.209196137	0.33524820085	0.3034815887	
0.209445192333	0.335289681167	0.303545605533	
0.209659302333	0.335270588817	0.303554922833	
0.209847167333	0.335224383067	0.303535053133	
0.210044427667	0.335206591233	0.303541443667	
0.210265054333	0.335237523917	0.303591777333	
0.210501228333	0.335299352567	0.303669658333	
0.210766636	0.3353910759	0.3037787284	
0.211063071333	0.335536792217	0.303935303833	
0.211385445333	0.335740833317	0.304139279033	
0.211696110333	0.335952232367	0.304345394333	
0.211940339667	0.336069381733	0.304463984467	
0.212173832333	0.336170923767	0.304569782833	
0.21237476	0.3362597236	0.3046553898	
0.212572983333	0.336340479367	0.304735908133	
0.212763320667	0.336389214033	0.304794890967	
0.212972884667	0.336465479283	0.304877808067	
0.213177176	0.3365643345	0.3049775201	
0.213393214	0.33670081765	0.3051085298	
0.213617595667	0.336850306233	0.305249580067	
0.213853798	0.3369808639	0.3053776472	
0.214115774667	0.337140421233	0.305534655167	
0.214392563	0.3373218504	0.3057165547	
0.214704529	0.33755326065	0.3059448429	
0.214995466	0.33775839965	0.3061476068	
0.215270568667	0.337947271633	0.306334549367	
0.215534784667	0.338152308183	0.306528875567	
0.215769927333	0.338319847167	0.306691479333	
0.215999305333	0.338470050067	0.306843589033	
0.216178059	0.33853778745	0.3069225637	
0.216353367667	0.338603201933	0.306996386367	
0.216526644333	0.338688039117	0.307085750933	
0.216679686	0.33873961665	0.3071475502	
0.216852804	0.3388254241	0.3072331888	
0.217012669667	0.338909616833	0.307314007367	
0.217141329	0.3389698982	0.3073719978	
0.217320433333	0.339089225767	0.307484578633	
0.217494924333	0.339180823117	0.307572270933	
0.217691760667	0.339285518083	0.307675552567	
0.217889040667	0.339415941733	0.307801641167	
0.218152708	0.33961550205	0.3079991927	
0.218440633667	0.339835971133	0.308217925367	
0.218657657	0.3399609812	0.3083451088	
0.218845825	0.34005535875	0.3084483775	
0.219044321	0.3401560752	0.3085599283	
0.219288093667	0.340307613233	0.308721303367	
0.219569290333	0.340521001267	0.308936149833	
0.219798237667	0.340674965883	0.309092239167	
0.220001718	0.34080602445	0.3092217513	
0.220165852667	0.340893378883	0.309307989067	
0.220279742667	0.340910905833	0.309329981267	
0.220430705	0.3409774177	0.3093944668	
0.220577147667	0.341038296033	0.309456445267	
0.220736375	0.34110838605	0.309525707	
0.220909785667	0.341191922233	0.309605144367	
0.221059114667	0.341245810483	0.309656035767	
0.221216544333	0.341340840267	0.309741271133	
0.221400244333	0.341457455617	0.309854614733	
0.221642795	0.34161263455	0.3100152091	
0.22182475	0.34169179715	0.3101031178	
0.221993832667	0.341729844833	0.310152602267	
0.222170114	0.3417669306	0.3102048652	
0.222331236333	0.341801153917	0.310249046033	
0.222557862667	0.341927407033	0.310374966167	
0.222765698333	0.342043150167	0.310489860033	
0.222933591667	0.342127358283	0.310574406067	
0.223088521	0.3421782156	0.310628226	
0.223221333667	0.342195781533	0.310654346267	
0.223370825	0.3422482077	0.3107172467	
0.223596817333	0.342358013217	0.310836028033	
0.223793857333	0.342441181467	0.310918705533	
0.223951713667	0.342484613283	0.310958151067	
0.224093786667	0.342488339383	0.310972834467	
0.224262805667	0.342500087433	0.311001102167	
0.224444614667	0.342526585633	0.311043742267	
0.22463613	0.3425557431	0.3110943596	
0.224842242667	0.342605212283	0.311169018867	
0.225039217	0.34264771105	0.3112334285	
0.225269101	0.34272362395	0.3113240003	
0.225492350333	0.342791909767	0.311407071533	
0.225682073667	0.342856262183	0.311479223967	
0.225905584333	0.342977490317	0.311599229533	
0.22612044	0.3430878842	0.3117152194	
0.226329968667	0.343179619433	0.311819082367	
0.226524949	0.3432561114	0.3119059799	
0.226673194667	0.343350297733	0.311992878867	
0.226805648667	0.343404995183	0.312048396967	
0.226955867	0.34344592675	0.3120879941	
0.227062954667	0.343464584833	0.312090256267	
0.227173731333	0.343496042017	0.312115274433	
0.227328456	0.3435353581	0.3121665183	
0.227543137	0.3436228108	0.3122654632	
0.227723505667	0.343701903283	0.312355322767	
0.227888452667	0.343788446533	0.312443187267	
0.228067056667	0.343893761283	0.312545094167	
0.228255111333	0.344010449367	0.312656989933	
0.228464345667	0.344140569483	0.312785181367	
0.228693370667	0.344267928983	0.312916683367	
0.228920951	0.3443909155	0.3130412795	
0.22916096	0.3445247634	0.3131801454	
0.229395547333	0.344624309017	0.313292589533	
0.229600595333	0.344684415017	0.313360368533	
0.229820664	0.34475471435	0.3134454931	
0.230013746667	0.344843464633	0.313537723567	
0.230170238667	0.344873853133	0.313580184267	
0.230335790667	0.344894773833	0.313612449567	
0.230495006	0.34493183535	0.313655008	
0.230606688667	0.344944276433	0.313678961967	
0.230720180333	0.344984518667	0.313721416833	
0.230876803333	0.345042499067	0.313783042633	
0.231032055333	0.345094994117	0.313838515733	
0.231216606333	0.345178161717	0.313917945233	
0.231431434	0.34528717955	0.3140256815	
0.231658112	0.3453869829	0.3141328196	
0.231881188	0.3454440104	0.3142027946	
0.232141562333	0.345523695017	0.314299948233	
0.232421775667	0.345602613433	0.314397019867	
0.232661225667	0.345645713083	0.314455749967	
0.23280886	0.34566162265	0.3144685894	
0.23297912	0.3456940028	0.3145028235	
0.233212110667	0.345772046583	0.314597970667	
0.233398811	0.34582175075	0.3146573554	
0.233522338333	0.345808445167	0.314651032933	
0.233651481667	0.345772804133	0.314623751867	
0.233794218333	0.345773280617	0.314618094733	
0.233871749	0.34574383465	0.3145913808	
0.233963474667	0.345704915283	0.314564577867	
0.234102282333	0.345632197217	0.314521194533	
0.234204801333	0.345562898417	0.314475016033	
0.234293522333	0.345504695317	0.314428475033	
0.234393481	0.34543478685	0.3143684225	
0.234509698667	0.345315953033	0.314276883367	
0.234539764667	0.345167620733	0.314145084367	
0.234558883333	0.345064815167	0.314044871833	
0.234581458333	0.344955055167	0.313924354833	
0.234558565667	0.344846052783	0.313786574067	
0.234554019333	0.344766209367	0.313670610633	
0.23467961	0.3446934567	0.313589704	
0.234955302	0.34468161235	0.3136063641	
0.235245118	0.3446964682	0.3136602617	
0.235477928333	0.344714515467	0.313709000533	
0.235678941333	0.344752499617	0.313757597533	
0.235968302	0.3448237427	0.313850663	
0.236229563333	0.344838508667	0.313909174533	
0.236411955667	0.344781242083	0.313887614767	
0.236541443667	0.344682064333	0.313826908767	
0.236595533	0.3445820377	0.3137579743	
0.236624859333	0.344500504917	0.313701960633	
0.236659700667	0.344421283383	0.313640811067	
0.236702554333	0.344332775817	0.313572647533	
0.23670361	0.3442582935	0.3134955329	
0.236658471667	0.344168053083	0.313381618367	
0.236737341333	0.344099245067	0.313320542933	
0.236898225333	0.344046706967	0.313309064533	
0.237052306667	0.343969083433	0.313283743067	
0.237258008667	0.343938542683	0.313310551367	
0.237455846333	0.343941146567	0.313372171733	
0.23753043	0.3439523552	0.3134069307	
0.237716109667	0.344044973733	0.313506850367	
0.237924727667	0.344151405783	0.313601724567	
0.238082257667	0.344180028033	0.313621348967	
0.238151494	0.3441648738	0.313591675	
0.238066730667	0.344085519283	0.313483628567	
0.237970016	0.3439932885	0.313370157	
0.238063892	0.344030294	0.3133957004	
0.238300801333	0.344148723967	0.313508832333	
0.238605017667	0.344257134783	0.313614005867	
0.238828548667	0.344273132683	0.313631626667	
0.239058279667	0.344311943883	0.313696106167	
0.239304623333	0.344378369067	0.313800976233	
0.239715536667	0.344489147433	0.313985054667	
0.240053921333	0.344514398367	0.314109999233	
0.240253060667	0.344457426883	0.314136240567	
0.240449277333	0.344411969017	0.314160526333	
0.240632183667	0.344437124233	0.314253596967	
0.241347547333	0.344525095317	0.314512705533	
0.241836719	0.3446076177	0.3147151541	
0.241882155	0.34455143135	0.3147158055	
0.241608727	0.34441374025	0.3145726693	
0.241196204667	0.344286957333	0.314393733567	
0.240625989	0.3441492861	0.3141527144	
0.240031273	0.3440627332	0.3139282429	
0.239512375667	0.344061881583	0.313775495767	
0.238890683667	0.344025440083	0.313568550667	
0.238154189667	0.343938129383	0.313296611067	
0.23737685	0.3438539234	0.3130289699	
0.236753242667	0.343886345683	0.312902757967	
0.236237641	0.34393053765	0.3127945038	
0.235817252667	0.343953413033	0.312684188167	
0.235455644	0.3439174631	0.3125682567	
0.235254429667	0.343892326433	0.312496632067	
0.235257501667	0.343927439933	0.312523962467	
0.235517431667	0.344051383683	0.312692913367	
0.236057008	0.3441151403	0.3128712632	
0.236082627333	0.344094275817	0.312877484433	
0.236131407333	0.344083498917	0.312890197333	
0.236216210333	0.344103036367	0.312910995433	
0.236301857667	0.344130549383	0.312924683767	
0.236352484667	0.344148187833	0.312913964967	
0.236360068333	0.344119652867	0.312857049533	
0.236386903667	0.344080392933	0.312802513967	
0.236474017333	0.344082995367	0.312800411833	
0.236572800333	0.344073550467	0.312802096233	
0.236735380333	0.344118784467	0.312871132733	
0.236939646667	0.344213044783	0.312992984867	
0.237101298	0.344300796	0.3131035226	
0.237230352333	0.344382129317	0.313203989333	
0.237352596667	0.344455291333	0.313294221067	
0.237442623333	0.344487876967	0.313340986933	
0.237534886333	0.344543667817	0.313399597233	
0.237662310333	0.344633664717	0.313488793333	
0.237827852	0.34473102705	0.3135957161	
0.238014891	0.34484308265	0.3137220537	
0.238203049333	0.344976443267	0.313859459433	
0.238374278	0.3451162117	0.3139888423	
0.238484731667	0.345199204633	0.314059110567	
0.23854376	0.3452167432	0.3140729247	
0.238608135667	0.345208858833	0.314073749967	
0.238715423667	0.345203642183	0.314088187767	
0.238857608	0.34521305735	0.3141260527	
0.239040071667	0.345260649183	0.314210253367	
0.239264263333	0.345360239767	0.314351647633	
0.239468164	0.3454735581	0.314508288	
0.239587604667	0.345523208233	0.314598851667	
0.239699227	0.34555383235	0.3146629434	
0.239839261333	0.345600518767	0.314734089233	
0.239993360667	0.345677092483	0.314827287067	
0.240189308333	0.345804710017	0.314965808133	
0.240387123	0.3459224107	0.315096425	
0.240555068333	0.346002756817	0.315192909533	
0.240710606667	0.346086466083	0.315287244867	
0.240834147	0.3461434553	0.3153502221	
0.240928672667	0.346184947133	0.315391738267	
0.240978438333	0.346183131267	0.315390346933	
0.241022239667	0.346151535083	0.315368735567	
0.241112246	0.34614175305	0.3153732794	
0.241224337	0.3461359103	0.3153866743	
0.241333079	0.3461385854	0.3154087639	
0.241482763333	0.346202258017	0.315481906133	
0.241610884333	0.346242248517	0.315529055533	
0.241720530667	0.346260197033	0.315558885867	
0.241855627333	0.346297758917	0.315609952233	
0.242002368	0.3463414799	0.3156638845	
0.242155946	0.3463940718	0.3157233969	
0.242315072333	0.346459089267	0.315795902533	
0.242477779333	0.346523702567	0.315874986133	
0.242631043	0.34657306465	0.315948865	
0.242763592667	0.346593777283	0.316000970667	
0.242919060333	0.346649826367	0.316081753433	
0.243055738667	0.346695781283	0.316146456067	
0.243171024333	0.346728611967	0.316199454633	
0.243294204333	0.346763570217	0.316259333633	
0.24344116	0.3468156546	0.3163385684	
0.243639034667	0.346933133983	0.316479491867	
0.243797904667	0.347012810533	0.316577554667	
0.243931939	0.34708479	0.3166491268	
0.24404694	0.3471372184	0.3166852806	
0.244130224	0.34715562585	0.3166865725	
0.244199531667	0.347149188683	0.316675153367	
0.244298204	0.34717081055	0.3166949556	
0.244373858333	0.347158362467	0.316677603033	
0.244476243667	0.347173481933	0.316683480467	
0.244597348667	0.347201641233	0.316710860467	
0.244729088	0.34723901175	0.3167579064	
0.244831175667	0.347237957533	0.316773368767	
0.244915790667	0.347220162083	0.316772354867	
0.245031678333	0.347247393767	0.316812331433	
0.245158130333	0.347295804067	0.316875973333	
0.245323717333	0.347391719067	0.316992457333	
0.245516645333	0.347494620967	0.317124751033	
0.245711612667	0.347592870833	0.317254386567	
0.245882219333	0.347673775067	0.317360169133	
0.245999245667	0.347694445883	0.317397099267	
0.246086898667	0.347706541483	0.317407564767	
0.246122448667	0.347693268033	0.317379071667	
0.246163713667	0.347714997183	0.317381600667	
0.246193108333	0.347717991817	0.317374183633	
0.246249356333	0.347735366467	0.317381936233	
0.246336080667	0.347756447683	0.317391579967	
0.24644642	0.34778200315	0.3174084822	
0.246549978667	0.347779154183	0.317406673467	
0.246647828333	0.347754143567	0.317387623533	
0.246760397	0.347736557	0.3173754686	
0.246892040667	0.347741614283	0.317386880567	
0.247058440667	0.347792473883	0.317445779167	
0.247227855	0.3478492656	0.3175158545	
0.247421892667	0.347960570083	0.317638158467	
0.247565998333	0.348034455417	0.317723394433	
0.247643178333	0.348053073067	0.317746842533	
0.247701550667	0.348066812233	0.317755842267	
0.247758604333	0.348077453367	0.317761168133	
0.247820520333	0.348086649417	0.317766442233	
0.247883201	0.3481016584	0.3177773758	
0.247956935	0.3481299141	0.3178013328	
0.248024214667	0.348127127533	0.317800725367	
0.248096879667	0.348101900233	0.317785295767	
0.248171146667	0.348055030433	0.317753537667	
0.248238701667	0.347984931183	0.317699576567	
0.248313292667	0.347906287183	0.317638468467	
0.248432281	0.34786813325	0.3176171113	
0.248564065	0.3478402201	0.3176045099	
0.248673635	0.34780226665	0.3175802598	
0.248779071	0.34779932455	0.3175866376	
0.248814265667	0.347750039133	0.317544375867	
0.248810799667	0.347723952633	0.317504065967	
0.24873032	0.34763632785	0.3173932655	
0.248625907667	0.347507524433	0.317243695767	
0.248565066333	0.347414748567	0.317133459633	
0.248466339667	0.347253144583	0.316972561167	
0.248364138667	0.347068087933	0.316795967267	
0.248273484333	0.346892156867	0.316620893333	
0.248178120667	0.346708861333	0.316431147567	
0.248096687667	0.346543149283	0.316252759367	
0.248012105333	0.346370198917	0.316064524133	
0.247905186	0.34616024705	0.3158408867	
0.247833074333	0.345981836817	0.315649014433	
0.247782907	0.34581114655	0.3154703316	
0.247774589	0.3456640193	0.3153188961	
0.247745489	0.3454712876	0.3151274917	
0.247709614667	0.345275325883	0.314932974867	
0.247648107	0.34506811315	0.3147241327	
0.247537850333	0.344805375817	0.314458505633	
0.247425077333	0.344556724767	0.314195778833	
0.247249232333	0.344253198817	0.313874759533	
0.247042962333	0.343945305767	0.313543209333	
0.246746118	0.3435539586	0.3131290777	
0.246359658333	0.343072105717	0.312629944133	
0.245944204333	0.342563387467	0.312102282633	
0.245530111	0.34206008865	0.3115772092	
0.245100627333	0.341559862517	0.311050252833	
0.244662671667	0.341096218383	0.310544289167	
0.244197738333	0.340624865567	0.310024692933	
0.243708277667	0.340137567633	0.309482821467	
0.243267166	0.3397037781	0.3089913172	
0.242934098	0.33932237055	0.3085667463	
0.242669906667	0.338953303883	0.308169705867	
0.242415153	0.33858359605	0.3077792686	
0.242180870667	0.338243095083	0.307420763567	
0.241959592667	0.337918027133	0.307078736067	
0.241757531	0.3376120025	0.3067569523	
0.241595465667	0.337354122383	0.306482611467	
0.241478714667	0.337148444133	0.306261028967	
0.241336298	0.33692255125	0.3060257334	
0.241092767333	0.336624236017	0.305723401233	
0.240822078	0.3363212286	0.3054199448	
0.240599713333	0.336045240967	0.305153326333	
0.240402761333	0.335791928917	0.304912383233	
0.240127530667	0.335515210233	0.304631797667	
0.239765605	0.3351813404	0.3042819157	
0.239404821333	0.334864391467	0.303936165233	
0.239077610667	0.334575358483	0.303608098167	
0.238838234667	0.334316818183	0.303320348967	
0.238720598	0.3340973143	0.3030919113	
0.238620092	0.3338649449	0.3028628793	
0.238546877333	0.333671923267	0.302678049033	
0.238530894	0.3335207984	0.3025406765	
0.238595039667	0.333422240883	0.302458701567	
0.238781021	0.3334203781	0.3024808439	
0.239094757667	0.333505173733	0.302606460167	
0.239490394333	0.333658819217	0.302811367233	
0.239827887333	0.333791362617	0.302997674733	
0.240157151333	0.333961816617	0.303216685433	
0.240548937667	0.334192619283	0.303492069967	
0.241009546667	0.334482465983	0.303823006367	
0.241442617667	0.334769034683	0.304141175367	
0.241824957	0.33504816945	0.3044369781	
0.242212666667	0.335322138233	0.304725182367	
0.242653665333	0.335645915217	0.305057968833	
0.243101359	0.3359410925	0.3053705385	
0.243572107	0.33621939385	0.305677803	
0.244057811	0.33650390345	0.305999305	
0.244563187	0.3368345019	0.3063705423	
0.245049259667	0.337158323433	0.306738017967	
0.245488333333	0.337445326467	0.307064310333	
0.245893007	0.33770688625	0.3073605486	
0.24627909	0.3379631903	0.307644984	
0.246624747667	0.338184720683	0.307891602367	
0.246908729667	0.338359021433	0.308092347767	
0.247149279333	0.338520061267	0.308278044133	
0.247430543333	0.338731956917	0.308506704133	
0.247733758667	0.338966080133	0.308749611567	
0.248044922333	0.339204668217	0.308993068933	
0.248362744	0.3394418264	0.3092321365	
0.248661538	0.33964257045	0.309438411	
0.248959091333	0.339826541317	0.309634722633	
0.249263378667	0.340007830183	0.309833788567	
0.249537319	0.3401444218	0.3099946323	
0.249809719667	0.340286459633	0.310159729167	
0.250059016667	0.340422231083	0.310312233367	
0.250304078333	0.340581770267	0.310481168033	
0.250497115	0.34070744235	0.3106151484	
0.250647579333	0.340811793067	0.310724178233	
0.250802018667	0.340916761683	0.310832791467	
0.250980952333	0.341045530067	0.310961995333	
0.251171875	0.34118749465	0.3111066729	
0.251360625	0.3413159688	0.3112465405	
0.251574904	0.34146646155	0.3114127336	
0.251786982333	0.341598510717	0.311568878533	
0.25197949	0.3416990867	0.3116996779	
0.252155662333	0.341778061667	0.311809280833	
0.252320284333	0.341840728317	0.311904150033	
0.252470268667	0.341893799933	0.311989496767	
0.25261051	0.3419442315	0.3120705745	
0.252756113	0.3420066473	0.3121593514	
0.252886112333	0.342052507217	0.312228358233	
0.253021299333	0.342112975467	0.312306983533	
0.253160423	0.34218990935	0.3123965041	
0.253333944	0.34231645805	0.3125313347	
0.253524111667	0.342468255183	0.312689797867	
0.253733085333	0.342638375567	0.312862842933	
0.253968042667	0.342826882833	0.313051597067	
0.254214265667	0.343026333833	0.313250414567	
0.254461743667	0.343224423883	0.313449360467	
0.254681689667	0.343374440833	0.313607599567	
0.254880388	0.3434903421	0.3137387641	
0.255057263667	0.343575410683	0.313844253867	
0.255244291	0.34367697915	0.3139618884	
0.255417647	0.3437684224	0.3140658691	
0.255555822667	0.343824351933	0.314134677267	
0.255703260667	0.343902988633	0.314222774367	
0.255833859333	0.343958297217	0.314292423233	
0.255975121667	0.344024922383	0.314377143567	
0.256123189333	0.344097306617	0.314472480333	
0.256278762667	0.344177289233	0.314580174467	
0.256441957667	0.344271927433	0.314703565967	
0.256572122333	0.344326667167	0.314790871333	
0.256699367	0.34437425505	0.3148744522	
0.256812858333	0.344396285767	0.314936655733	
0.256937391667	0.344432998033	0.315011414967	
0.257066529333	0.344484235717	0.315096901433	
0.257213551333	0.344559852167	0.315201692833	
0.257370895	0.34464974865	0.3153156026	
0.257524120667	0.344740684033	0.315425719567	
0.257683095333	0.344837771817	0.315538386933	
0.257839867	0.344935821	0.3156472502	
0.257965925333	0.345009936317	0.315727436433	
0.258062340333	0.345058314467	0.315778125033	
0.258162250667	0.345113854233	0.315833757567	
0.258260110333	0.345163945417	0.315884788533	
0.258378946333	0.345237391417	0.315957790233	
0.258533995667	0.345353681683	0.316072299467	
0.258685130333	0.345462155667	0.316179836533	
0.258823065333	0.345549061167	0.316267913733	
0.258933951333	0.345585520367	0.316314175533	
0.259071751333	0.345636146667	0.316379085833	
0.259212941	0.3456809481	0.316440109	
0.259363422667	0.345745276933	0.316517490767	
0.259486598	0.3457808785	0.3165675461	
0.259613996	0.34582578235	0.3166250896	
0.259740071667	0.345876331083	0.316687363567	
0.259855776	0.34591735525	0.3167431408	
0.259972699	0.3459612768	0.316803306	
0.260044378667	0.345967990083	0.316822580167	
0.260060992	0.3459313573	0.3167937168	
0.260040786667	0.345862886733	0.316731477667	
0.260002774667	0.345778239583	0.316653903067	
0.259998476667	0.345725654183	0.316610358267	
0.260015372333	0.345686953667	0.316583068333	
0.260021778333	0.345638127817	0.316544583933	
0.260022042	0.3455821299	0.3164966079	
0.260038267667	0.345530776483	0.316455867467	
0.260074045	0.3454815332	0.3164213531	
0.260130086667	0.345442168183	0.316397550667	
0.260182264667	0.345399920883	0.316373107467	
0.260239842333	0.345374064317	0.316364885133	
0.260289887667	0.345341724383	0.316350576567	
0.260372984	0.3453610203	0.3163807288	
0.260452813333	0.345381025167	0.316409612233	
0.26052073	0.3453858304	0.316422585	
0.260551575	0.3453528746	0.3163917496	
0.260553565333	0.345298659117	0.316330817133	
0.260553431333	0.345241789117	0.316266803433	
0.260553716	0.3451798929	0.3162007717	
0.260557879	0.34511273905	0.3161333922	
0.260579895	0.3450471541	0.3160726659	
0.260598156667	0.344983356883	0.316008983167	
0.26059455	0.34491289035	0.3159275657	
0.260606223667	0.344862467133	0.315859470767	
0.260617402333	0.344802711167	0.315784907233	
0.260635956	0.3447426566	0.315714718	
0.260675386	0.34469598215	0.3156661596	
0.260735688667	0.344670767783	0.315645262267	
0.260789413	0.34462980085	0.315614215	
0.260817352667	0.344550445333	0.315549994167	
0.260839659333	0.344466563317	0.315483129733	
0.260832555667	0.344347682633	0.315384415667	
0.260789739667	0.344189161883	0.315245911167	
0.260749454333	0.344045628817	0.315114581633	
0.260734605333	0.343937064817	0.315011479733	
0.260708325	0.34380734755	0.314887066	
0.26066551	0.3436618704	0.3147440697	
0.260594039667	0.343484663033	0.314566132467	
0.260515658667	0.343315720183	0.314379613367	
0.260414804	0.3431515126	0.3141777864	
0.260312074333	0.342985829767	0.313970780133	
0.260242053333	0.342842895267	0.313791547033	
0.260159061667	0.342684579083	0.313600921667	
0.260059679333	0.342512458167	0.313395626933	
0.259954334	0.3423311637	0.3131847629	
0.259817759333	0.342111990017	0.312945855833	
0.259669455667	0.341879544633	0.312700622967	
0.259507552333	0.341626157967	0.312440575933	
0.259377236667	0.341414380483	0.312221912567	
0.259237473	0.3411945483	0.3119946368	
0.259079441	0.34095397495	0.3117452595	
0.258928797	0.3407146659	0.3114977873	
0.258763186	0.34044802655	0.3112254715	
0.258538242	0.3401135706	0.3108846934	
0.258273955333	0.339746737317	0.310506858533	
0.257992105	0.33936761415	0.3101101402	
0.257708993667	0.339001070583	0.309713314567	
0.257400379	0.33861247165	0.3092939062	
0.257089701667	0.338218901583	0.308875847367	
0.256729092333	0.337780191767	0.308409041633	
0.256291987667	0.337284261083	0.307875299367	
0.255808505333	0.336745513717	0.307298643833	
0.255311171	0.3361732535	0.3066987369	
0.254798313667	0.335565782083	0.306074053367	
0.254343138	0.3350267028	0.3055106924	
0.253896174	0.3344923509	0.3049494381	
0.253472082667	0.333981705983	0.304408533367	
0.253011431667	0.333427281883	0.303823149567	
0.252505399667	0.332838169183	0.303197537567	
0.251957198333	0.332217538867	0.302539464633	
0.251366821667	0.331566954633	0.301853398367	
0.250737169	0.330894534	0.3011431391	
0.250072076667	0.330203771583	0.300412614967	
0.249361362667	0.329477249383	0.299649685067	
0.248642023333	0.328769054417	0.298903087033	
0.24788733	0.32804278055	0.2981352129	
0.247121479667	0.327311555383	0.297351556867	
0.246350475667	0.326591369583	0.296561596567	
0.245593953667	0.325891008783	0.295780557567	
0.244910301333	0.325210053267	0.295025478333	
0.244322436333	0.324579855367	0.294326652933	
0.243752621	0.32396467325	0.2936400403	
0.243191499333	0.323373419367	0.292973634633	
0.242567082333	0.322700236617	0.292243061533	
0.241863089	0.3219198068	0.2914228893	
0.241129134667	0.321103995183	0.290571649067	
0.240376738667	0.320281679533	0.289711611667	
0.239546443	0.31940935795	0.2888004493	
0.238633022333	0.318478268917	0.287831362633	
0.237684061	0.31750914315	0.2868233275	
0.236720883	0.31651073705	0.285783616	
0.235740063	0.31548898465	0.2847188321	
0.234787549667	0.314493380533	0.283671766567	
0.233852910667	0.313476453833	0.282592691667	
0.232993274	0.31250859935	0.2815451639	
0.232277982333	0.311672491117	0.280616959533	
0.231623632667	0.310866696083	0.279720081567	
0.230994949	0.3100772013	0.2788319134	
0.23036811	0.3093009285	0.2779495655	
0.229694162667	0.308465677483	0.277013302667	
0.229056239333	0.307589319717	0.276062985733	
0.228441289667	0.306649467383	0.275077963367	
0.227798085	0.3056436812	0.2740248444	
0.227119635667	0.304569234233	0.272898367867	
0.226332919333	0.303350225817	0.271629777433	
0.225383792	0.3019603443	0.2701850284	
0.224369306333	0.300495218767	0.268660691633	
0.223339664667	0.298977277233	0.267076500967	
0.222262939333	0.297395975867	0.265405257533	
0.221078158333	0.295695931867	0.263599355533	
0.219834428	0.29391240305	0.2616986738	
0.218561579	0.2920691904	0.2597295038	
0.217289437333	0.290220185717	0.257754338633	
0.215959939667	0.288306131933	0.255722950567	
0.214405966333	0.286189216567	0.253495698333	
0.212696944667	0.283937926683	0.251133894667	
0.210989053	0.28163403865	0.2487322639	
0.209325154667	0.279288728183	0.246309907967	
0.207757299333	0.276950870467	0.243917565433	
0.206195601667	0.274566757583	0.241490177267	
0.204562421667	0.272095668533	0.238972465667	
0.202850879	0.2694961477	0.2363444628	
0.201092968667	0.266804708783	0.233646068067	
0.199291783667	0.264083703033	0.230918733367	
0.197525532	0.26142297525	0.2282486556	
0.195827769	0.25880612625	0.2256206699	
0.194119382	0.25617967225	0.2229728378	
0.192348262	0.25350045555	0.2202754134	
0.190606597667	0.250860469433	0.217624469767	
0.188867926	0.24824727965	0.2150148027	
0.187114265667	0.245652930883	0.212445048167	
0.185274505667	0.242982513433	0.209828300667	
0.183387692	0.24027208635	0.207196108	
0.181570995667	0.237592828933	0.204620280167	
0.179873475333	0.234994015817	0.202138135733	
0.178274845667	0.232497555033	0.199763982867	
0.176796319	0.23012821705	0.1975227804	
0.175409775667	0.227856678583	0.195375548267	
0.174084221	0.22566261895	0.1932970042	
0.172792781	0.22347563515	0.1912367379	
0.171545616333	0.221327383317	0.189213124133	
0.170276199333	0.219193416767	0.187195622833	
0.169050892333	0.217139216667	0.185253227133	
0.167823693333	0.215116783367	0.183329309633	
0.166481686	0.21306181115	0.1813499244	
0.165061937	0.210995228	0.1793469184	
0.163648532333	0.208992073367	0.177390153033	
0.162242798667	0.207052734583	0.175489839667	
0.160933953	0.20522729585	0.173714532	
0.159722772	0.20349323555	0.1720490783	
0.158638478333	0.201879184767	0.170517000033	
0.157655601667	0.200365583433	0.169096078167	
0.156688823	0.1989228807	0.1677392615	
0.155775642333	0.197579322917	0.166477138233	
0.155006658	0.1963687567	0.1653573283	
0.154423966333	0.195329850467	0.164413837433	
0.153992616333	0.194426932467	0.163618669333	
0.153670360333	0.193609673967	0.162921666033	
0.153379816667	0.192835052983	0.162259691467	
0.153110574333	0.192106479617	0.161646834533	
0.152958890333	0.191511093267	0.161172193333	
0.152892019667	0.191026521083	0.160801395867	
0.152894305667	0.190651733733	0.160536440967	
0.152995046333	0.190398439217	0.160388963333	
0.153164351333	0.190229377817	0.160311880733	
0.153442940667	0.190178206133	0.160349481867	
0.153865696	0.1902787939	0.1605422794	
0.154319410667	0.190436477233	0.160788271067	
0.154771207	0.19061245565	0.1610481	
0.155158520667	0.190751802533	0.161265876667	
0.155432282667	0.190813951983	0.161395540567	
0.155713407333	0.190884175717	0.161528100633	
0.156035170333	0.190989734117	0.161696567533	
0.156383901333	0.191148891717	0.161911528433	
0.156691062667	0.191298638583	0.162111144967	
0.156923342667	0.191414101633	0.162264562767	
0.157092763333	0.191495166617	0.162372313533	
0.157290073	0.1916105	0.1625119446	
0.157554524333	0.191789796017	0.162722147133	
0.157886414667	0.192049860733	0.163015664267	
0.158229843	0.1923503789	0.1633518097	
0.158564361	0.19267477765	0.1637038836	
0.158864574	0.19297941335	0.1640323326	
0.159179845333	0.193327089167	0.164400523733	
0.159539832667	0.193739889383	0.164833954967	
0.159933047	0.19416738905	0.1652851628	
0.160367988	0.19461728495	0.1657595376	
0.160846803667	0.195086915433	0.166264019467	
0.161347578	0.1955706541	0.1667845754	
0.161839136	0.1960759399	0.1673124146	
0.162304926	0.1965948453	0.1678448896	
0.162738898667	0.197116258583	0.168370488967	
0.163138685667	0.197636388383	0.168880059367	
0.163512668	0.1981481514	0.16937292	
0.163905353	0.19866554645	0.1698703693	
0.164316096	0.1991901025	0.1703731005	
0.164749597	0.19974712875	0.1709094188	
0.165233269667	0.200366276483	0.171509960667	
0.165714149667	0.201010324183	0.172133916967	
0.166209035333	0.201696169567	0.172798632233	
0.166734144667	0.202407043983	0.173500665967	
0.16729297	0.20315545355	0.1742468406	
0.16789765	0.2039378751	0.1750327577	
0.168537844333	0.204732952717	0.175836867533	
0.169158553667	0.205525900283	0.176637157767	
0.169781678	0.20632970635	0.1774548327	
0.170376158	0.2071079188	0.1782522891	
0.170935243667	0.207880278783	0.179033933067	
0.171489389	0.20864988075	0.1798128356	
0.172060577	0.2094345361	0.1806047325	
0.172633775333	0.210221328217	0.181396815933	
0.173196890667	0.211001726683	0.182183552767	
0.173734585667	0.211782524133	0.182965045467	
0.174247137333	0.212575379417	0.183748050133	
0.174770908	0.2133980358	0.1845569227	
0.175354578667	0.214287691483	0.185429488867	
0.175951887667	0.215198094233	0.186323050867	
0.176551411667	0.216113052283	0.187221972267	
0.177153061667	0.217029155683	0.188114092767	
0.177746040333	0.217948431117	0.188994524333	
0.178344771667	0.218879608683	0.189878932667	
0.178954068333	0.219825788767	0.190773582433	
0.179541171667	0.220764904483	0.191653044367	
0.180129929667	0.221695171933	0.192527541967	
0.180772891333	0.222643860717	0.193432211333	
0.181479770333	0.223641412267	0.194387803933	
0.182212075333	0.224655789067	0.195365045433	
0.182956235333	0.225684614017	0.196360687333	
0.183668913667	0.226689372333	0.197336991067	
0.184334882	0.22766189625	0.1982840054	
0.184973497333	0.228621944667	0.199221020733	
0.185612737667	0.229580147333	0.200164589167	
0.186264638333	0.230536381067	0.201114827233	
0.186917089	0.231479968	0.2020535346	
0.187525960667	0.232374582633	0.202943572667	
0.188103485	0.2332450084	0.2037985565	
0.188691639333	0.234129087967	0.204654744933	
0.189312024	0.2350354911	0.2055355598	
0.189983417667	0.235987856183	0.206466347867	
0.190638971667	0.236915775983	0.207379613267	
0.191258795333	0.237807506017	0.208258069733	
0.191877583667	0.238694250883	0.209133382767	
0.192515302	0.2395806818	0.2100165408	
0.193174156667	0.240489434033	0.210924685667	
0.193805216	0.24137505855	0.2118141036	
0.194401322667	0.242209257533	0.212664702367	
0.194958866667	0.242996596033	0.213474915367	
0.195515700333	0.243789514217	0.214286013733	
0.196089904667	0.244604315683	0.215112923767	
0.196636337333	0.245394983017	0.215908532133	
0.197138123667	0.246139536983	0.216649734467	
0.197618225333	0.246862113767	0.217359745333	
0.19808094	0.2475833911	0.2180578316	
0.198536369	0.24832648925	0.2187659357	
0.198998074	0.249088182	0.2194908555	
0.199443972333	0.249831004317	0.220200169533	
0.199882742333	0.250573013917	0.220905072033	
0.200286489333	0.251275446517	0.221577058933	
0.200697257667	0.251983359683	0.222260051167	
0.201140217333	0.252723370967	0.222978749233	
0.201571368333	0.253432392417	0.223678998033	
0.202034112667	0.254165689733	0.224409099167	
0.20248905	0.25486473215	0.2251180949	
0.202947789	0.25552916655	0.2258080846	
0.203458629	0.25623869185	0.2265406573	
0.203996294	0.2569785212	0.2272952116	
0.204514630667	0.257703021233	0.228027355867	
0.205019750333	0.258419492567	0.228743716533	
0.205513378667	0.259116793983	0.229440976967	
0.206024067	0.259820182	0.2301466116	
0.206529578	0.2605003234	0.2308393777	
0.207021241	0.26117194125	0.2315219291	
0.207448449667	0.261790288083	0.232139836467	
0.207845883333	0.262376239517	0.232718013233	
0.208293602333	0.262996532167	0.233329954533	
0.208748896333	0.263610344467	0.233941446533	
0.209176664333	0.264203611167	0.234534169133	
0.209587606	0.2647837895	0.235113638	
0.209961362667	0.265313365083	0.235645487067	
0.210333888667	0.265845775383	0.236178275567	
0.210677133667	0.266356493633	0.236691700767	
0.211016356	0.26686328655	0.2372059724	
0.211420055667	0.267424229683	0.237785769467	
0.211829715	0.2679853253	0.2383745752	
0.212219336333	0.268539268217	0.238953259433	
0.212621021333	0.269115004217	0.239551840933	
0.213011158667	0.269678317633	0.240142208767	
0.21341408	0.27025337685	0.24074661	
0.213785065667	0.270779815283	0.241310421267	
0.214140195	0.271300299	0.2418568528	
0.214468391333	0.271799964367	0.242367536933	
0.214803558333	0.272290369367	0.242866985833	
0.215138784667	0.272762931283	0.243351295267	
0.215433318667	0.273201844233	0.243797488267	
0.215684795	0.27361257725	0.2442077518	
0.215936702333	0.274025773217	0.244611297433	
0.216167379333	0.274411715817	0.244980919233	
0.216376479	0.2747791984	0.24532971	
0.216603233333	0.275164404717	0.245694864733	
0.216888208667	0.275591407733	0.246105905467	
0.217219184667	0.276054922683	0.246561004067	
0.217556657	0.2765433052	0.2470323831	
0.217891817	0.27702886785	0.2474980099	
0.218261859667	0.277531260483	0.247989564467	
0.218622120333	0.278014453317	0.248468447733	
0.218979773	0.2784998854	0.2489500192	
0.219310639667	0.278947800883	0.249406566867	
0.219663782667	0.279419631283	0.249893104267	
0.219995417	0.27986097295	0.2503583327	
0.220294271	0.2802619237	0.250792599	
0.220528071333	0.280594883167	0.251166363933	
0.220741643667	0.280928904783	0.251533216567	
0.220923148667	0.281234849033	0.251864955767	
0.221080071333	0.281506548417	0.252153599833	
0.221226442	0.28175835945	0.2524139154	
0.221398466333	0.282023922267	0.252685186133	
0.221647351	0.2823732121	0.2530287427	
0.221915676	0.28275154595	0.2533924038	
0.222181738333	0.283135031267	0.253752662833	
0.222443751	0.28349540985	0.2540846123	
0.222686314	0.2838037034	0.2543692519	
0.222916490333	0.284105235767	0.254644677633	
0.223085161667	0.284372302233	0.254879401967	
0.223193923	0.284608143	0.2550832346	
0.223259968667	0.284804882383	0.255260803967	
0.223343116667	0.285019963183	0.255464410767	
0.223427563667	0.285225897683	0.255667482567	
0.223534796333	0.285443784917	0.255886472133	
0.223656903667	0.285672242533	0.256116983667	
0.223802152	0.28592381365	0.2563739156	
