Wavelength	Blackberry	Grass	Blueberry	Litter	Humus	Soil
400	0.02503019	0.038950451	0.034487298	0.046132652	0.025662194	0.035312005
401	0.025336265	0.039489696	0.034711006	0.046789002	0.025773997	0.035366597
402	0.025839095	0.040362284	0.034964764	0.047774535	0.026346928	0.035776115
403	0.02586795	0.040574651	0.034779829	0.04772162	0.026087794	0.03519916
404	0.026070177	0.041008841	0.034693733	0.047771018	0.025737714	0.034679502
405	0.026464935	0.041693539	0.034781308	0.047998535	0.02542396	0.034326458
406	0.02708087	0.042507224	0.03518462	0.048387538	0.02521463	0.034379089
407	0.027644102	0.043271197	0.035597809	0.048781823	0.024966782	0.034193703
408	0.027955218	0.043734417	0.035873076	0.049151634	0.024628931	0.033825515
409	0.027952003	0.043673601	0.035896256	0.049498709	0.02442415	0.033742346
410	0.027850245	0.043468384	0.035585381	0.049336783	0.024272164	0.033475982
411	0.027876015	0.043472034	0.035481476	0.04961441	0.024318814	0.033395441
412	0.027912158	0.043533376	0.035586058	0.050165937	0.024479502	0.033380161
413	0.027943454	0.043579277	0.03569535	0.05063023	0.024509386	0.033298511
414	0.028077431	0.043695956	0.035861556	0.050950542	0.024339793	0.033127213
415	0.028304527	0.043844112	0.036104623	0.051312524	0.024130216	0.032915217
416	0.028355175	0.043821259	0.036130349	0.051678156	0.023885353	0.032772251
417	0.028550795	0.044010833	0.036241263	0.052151051	0.023787709	0.032629601
418	0.028784429	0.044231968	0.036300757	0.052724869	0.023738024	0.032526806
419	0.028874487	0.044309819	0.036231803	0.053275626	0.023622644	0.032531962
420	0.02909939	0.04451487	0.036263989	0.054115607	0.023653815	0.032554978
421	0.029354933	0.044684396	0.036422262	0.054802054	0.023567749	0.032522528
422	0.029581935	0.044781279	0.036658908	0.055308661	0.023377961	0.032581568
423	0.029682258	0.044765738	0.036772053	0.055598556	0.023161658	0.032477749
424	0.029712226	0.044734933	0.036838698	0.055740599	0.022917298	0.032268952
425	0.029769359	0.044746242	0.03692494	0.055897171	0.022711348	0.032056015
426	0.029772343	0.044738918	0.036995379	0.056098864	0.022486401	0.031797
427	0.02986596	0.044772196	0.037096067	0.056520647	0.022461496	0.031903064
428	0.029982572	0.044808658	0.037235103	0.057010198	0.022491725	0.032188058
429	0.030187678	0.044975996	0.037538413	0.057739903	0.022476163	0.032532755
430	0.030284062	0.044989965	0.037699741	0.05821728	0.022440151	0.032732629
431	0.030216874	0.044832167	0.03777285	0.058432925	0.022269919	0.032789181
432	0.030144084	0.044716498	0.037827514	0.058731917	0.022106409	0.032915415
433	0.030202676	0.044713825	0.037948835	0.059276204	0.022171305	0.033116015
434	0.030374208	0.044817405	0.038144721	0.059888842	0.022314659	0.033379614
435	0.030632707	0.044991387	0.038351591	0.060395792	0.022411294	0.033645945
436	0.030913635	0.045106259	0.038497774	0.060971312	0.022478854	0.033944996
437	0.031058994	0.045092233	0.038631632	0.061439752	0.022435604	0.034134518
438	0.031155643	0.045017592	0.038828352	0.061887196	0.022442685	0.034309117
439	0.031208483	0.044845466	0.039021852	0.062101097	0.022422964	0.034375862
440	0.031261167	0.044747221	0.039146644	0.062282352	0.022490864	0.034486877
441	0.031331707	0.04473146	0.03924178	0.062538561	0.022635313	0.034616626
442	0.031405663	0.044777566	0.039371289	0.06280836	0.022737117	0.034721423
443	0.031545007	0.044879079	0.039561934	0.063138967	0.022813139	0.034902817
444	0.031797309	0.045073938	0.039803427	0.063660115	0.022987915	0.03520133
445	0.032109468	0.04531519	0.040056363	0.064239574	0.023185526	0.035566469
446	0.03232373	0.045473908	0.040265418	0.064595634	0.023259956	0.03575078
447	0.0324422	0.045581189	0.040340199	0.064910878	0.023327975	0.03580107
448	0.032539707	0.045698983	0.040414111	0.065248794	0.023423116	0.035878868
449	0.032587849	0.045781857	0.040555389	0.065419364	0.023367954	0.035918916
450	0.032677193	0.045881517	0.04068143	0.065526554	0.023240742	0.035883926
451	0.032831983	0.046031073	0.040800882	0.06566684	0.023130168	0.035837228
452	0.032994761	0.046178825	0.040953922	0.065826046	0.023006686	0.035798841
453	0.033131952	0.046284897	0.041067016	0.065926017	0.022892856	0.035757064
454	0.03325863	0.046330629	0.041212684	0.06601307	0.022761331	0.035713948
455	0.033281515	0.046248375	0.041339908	0.066012862	0.022571437	0.03562154
456	0.033308338	0.046153854	0.041436936	0.066055664	0.022489316	0.035622076
457	0.033396369	0.046138533	0.041523126	0.066274294	0.022543151	0.035736866
458	0.033519959	0.046189878	0.041590916	0.066473627	0.022583422	0.035865871
459	0.033669197	0.046228273	0.041673198	0.066644645	0.022587784	0.035959257
460	0.033804028	0.046236829	0.041771626	0.066765079	0.022554693	0.036015159
461	0.033947926	0.04622481	0.041880041	0.066940243	0.022542248	0.036096005
462	0.034149246	0.0462308	0.041988366	0.067308113	0.022666826	0.036228321
463	0.034344028	0.046249882	0.042070672	0.06766187	0.022785308	0.036358954
464	0.034477134	0.04620903	0.042068742	0.067935443	0.022816544	0.036436151
465	0.034543292	0.046126074	0.041952605	0.068154785	0.022772911	0.036444885
466	0.034636152	0.046081987	0.041908096	0.068326086	0.022665595	0.036517766
467	0.034738787	0.046039525	0.041929823	0.068518343	0.022551174	0.036572182
468	0.034809388	0.045956901	0.041930531	0.068699482	0.022424002	0.036491276
469	0.034866818	0.045891552	0.041918724	0.068896254	0.022372936	0.036379817
470	0.034857017	0.045789	0.041819654	0.06907878	0.022327331	0.036293363
471	0.034842508	0.045685158	0.041745055	0.069285786	0.022289579	0.036292358
472	0.034879966	0.045614653	0.04179641	0.069578575	0.022239867	0.03637204
473	0.034822099	0.045494593	0.041769058	0.069859102	0.022226461	0.036446922
474	0.034735833	0.045379859	0.041703733	0.070123292	0.022226413	0.03653013
475	0.034748133	0.045358931	0.041709814	0.070518343	0.02230755	0.036687793
476	0.034833016	0.045401446	0.041798942	0.070852291	0.022375079	0.036833354
477	0.0349098	0.045433019	0.041896637	0.071158667	0.022447289	0.036957351
478	0.034966903	0.045443739	0.041998027	0.071486032	0.022536208	0.037057968
479	0.035043597	0.045448401	0.042116554	0.071788712	0.022596117	0.037156595
480	0.035163567	0.045531431	0.04225818	0.072162494	0.022701881	0.037312526
481	0.03528256	0.045648969	0.042378431	0.072520572	0.02277703	0.037485868
482	0.03536202	0.045694665	0.042437464	0.072832458	0.022754932	0.037640557
483	0.035449445	0.045737896	0.042517437	0.073115926	0.022719856	0.037772712
484	0.035548301	0.045786147	0.042618322	0.073380896	0.022695294	0.037881498
485	0.035648027	0.045812694	0.042726059	0.073639854	0.022697966	0.037937908
486	0.035767637	0.045840328	0.042796644	0.073846007	0.022678919	0.037960822
487	0.035894841	0.045881423	0.04283514	0.074028584	0.022631708	0.037971285
488	0.036010087	0.045911217	0.042851817	0.074230151	0.02253709	0.038019187
489	0.036162876	0.045949614	0.04295154	0.07446515	0.022443602	0.038109399
490	0.036351488	0.0460163	0.04308933	0.074737983	0.022377172	0.038227367
491	0.036539914	0.046093006	0.043201222	0.075029155	0.022353271	0.03834116
492	0.036826301	0.046258372	0.04341456	0.075354105	0.022314134	0.038487154
493	0.037180819	0.046488534	0.043670266	0.075741791	0.022281226	0.038664533
494	0.037580687	0.046773725	0.043973889	0.076223222	0.022308211	0.038881489
495	0.03797079	0.047058671	0.044288885	0.076753021	0.022387744	0.039131537
496	0.038420891	0.047410003	0.044689322	0.077288427	0.022475505	0.039381651
497	0.038915256	0.047819452	0.045157842	0.077795608	0.022542362	0.039626509
498	0.039462578	0.048321905	0.045677761	0.078410624	0.022663347	0.039926067
499	0.040073726	0.048889167	0.046254663	0.079091209	0.022795097	0.040251986
500	0.040714182	0.049481502	0.046885533	0.079745784	0.02289673	0.04056043
501	0.041404733	0.050132083	0.047608013	0.080360538	0.022999526	0.040837714
502	0.042138677	0.050836238	0.048374401	0.080932502	0.023075292	0.04109304
503	0.042936307	0.051600901	0.049207668	0.081511287	0.023121272	0.04133216
504	0.043833695	0.052470742	0.050145855	0.082141661	0.023173213	0.04159462
505	0.044818018	0.053459923	0.051213195	0.082823261	0.02325428	0.041879228
506	0.045840429	0.054508527	0.052339845	0.083487818	0.023304736	0.042141999
507	0.046911654	0.055623174	0.053532758	0.084105239	0.023303749	0.042378002
508	0.048073924	0.056862222	0.054819097	0.084704074	0.023267728	0.042603424
509	0.049331827	0.058217441	0.056226393	0.085303596	0.023226014	0.042819595
510	0.05069426	0.059704634	0.057763298	0.085948776	0.023205436	0.043072022
511	0.052150652	0.061311415	0.059391375	0.086629977	0.023207048	0.043363632
512	0.053695798	0.06303703	0.061131459	0.08732061	0.023241234	0.043667758
513	0.055340002	0.064874879	0.062989123	0.087997001	0.023290563	0.043977828
514	0.057096892	0.066839204	0.064975839	0.088679006	0.023332558	0.044281751
515	0.058932518	0.068899627	0.067066655	0.089361093	0.023357718	0.044588231
516	0.060877535	0.071082387	0.069273881	0.090064367	0.023403123	0.044910419
517	0.06294403	0.073387914	0.071589081	0.090822834	0.023486959	0.045259047
518	0.065066017	0.075742413	0.073956385	0.091544636	0.023541228	0.045587681
519	0.067250047	0.078155868	0.076375968	0.092212681	0.023574506	0.045894625
520	0.069487987	0.080602939	0.078823339	0.09288357	0.023612159	0.046202465
521	0.071760985	0.083049101	0.081289027	0.093595463	0.023655069	0.046524247
522	0.074047531	0.085497836	0.083756191	0.094314789	0.023700543	0.046859699
523	0.076325961	0.087923066	0.086186927	0.095033302	0.023736796	0.047197928
524	0.078546339	0.090266699	0.088518153	0.095732167	0.023733802	0.04751013
525	0.080722137	0.092532685	0.090780511	0.09644646	0.023730262	0.047833473
526	0.082825051	0.094692841	0.092942162	0.097134402	0.023716417	0.048145779
527	0.084860135	0.096758801	0.095026205	0.09786685	0.023741658	0.048485469
528	0.086806	0.098725917	0.09702225	0.098680594	0.023824673	0.048893764
529	0.088636867	0.100557499	0.098876954	0.099452032	0.023884442	0.049283238
530	0.090329623	0.102226344	0.100571395	0.100183459	0.023932552	0.049650809
531	0.091910005	0.103756313	0.102153801	0.100931113	0.023995143	0.05003961
532	0.093351039	0.105140165	0.103619331	0.101697298	0.024039422	0.05043649
533	0.094667876	0.106392856	0.104973573	0.102490991	0.024092104	0.050839662
534	0.095871785	0.107515827	0.106212413	0.103288252	0.024161092	0.051247073
535	0.096959139	0.108493168	0.107336946	0.104099287	0.024236689	0.051668083
536	0.097946241	0.109359757	0.108345196	0.104897437	0.024300104	0.052072186
537	0.098838832	0.110125383	0.109256645	0.10566334	0.024351537	0.05246697
538	0.099646808	0.110789361	0.110085387	0.10646262	0.024415386	0.052891596
539	0.100380884	0.111377102	0.110842453	0.107289632	0.02447606	0.053326556
540	0.101057452	0.111915502	0.111547754	0.108128994	0.024530133	0.053758179
541	0.101705331	0.112421702	0.112216208	0.109005626	0.024604999	0.054206747
542	0.102335658	0.112897041	0.112862457	0.109891038	0.024678881	0.05467222
543	0.102943123	0.113342445	0.11346752	0.11077132	0.024746268	0.05513916
544	0.103521113	0.113763752	0.114024792	0.111611908	0.024789323	0.055584984
545	0.104093346	0.11419475	0.114606957	0.112496563	0.024860109	0.056066254
546	0.10463422	0.114601672	0.115173814	0.113381506	0.02493258	0.056543193
547	0.105134164	0.114968927	0.115691563	0.114203673	0.024962322	0.056970888
548	0.10559294	0.115305997	0.116172595	0.115045652	0.025009067	0.057404598
549	0.106003487	0.115606374	0.116624683	0.115919991	0.025062854	0.057860108
550	0.106331623	0.115835375	0.117013381	0.116785831	0.025094983	0.05831413
551	0.106588455	0.115997858	0.117335512	0.117650334	0.025137188	0.05876081
552	0.106754744	0.116063176	0.117583413	0.118546714	0.025204083	0.059242209
553	0.106800499	0.116008373	0.117723271	0.119451503	0.025276668	0.059736212
554	0.106726601	0.115851327	0.117734656	0.120355061	0.025344041	0.060215682
555	0.106517618	0.11555913	0.117610135	0.121211894	0.025398775	0.060683842
556	0.106160406	0.115113483	0.117346443	0.122067407	0.025454601	0.061160266
557	0.105657259	0.114516397	0.116930413	0.122934112	0.02551558	0.061631244
558	0.105059787	0.113810901	0.116413655	0.123837229	0.025607585	0.062118022
559	0.104359152	0.112977907	0.115781937	0.124730334	0.025697887	0.062613547
560	0.103573985	0.112031156	0.11505121	0.125603952	0.025762278	0.063112697
561	0.102703177	0.110980918	0.114215486	0.126477957	0.0258174	0.063604034
562	0.101742023	0.109821545	0.113281144	0.12734719	0.025873207	0.064090526
563	0.100700996	0.108561022	0.112280395	0.128228777	0.025941318	0.064590233
564	0.099576922	0.107189123	0.111185425	0.129103573	0.026006916	0.06507991
565	0.098396765	0.105743804	0.110009022	0.129990557	0.026069039	0.065559796
566	0.097159116	0.104233329	0.108760419	0.130870487	0.026128915	0.066033889
567	0.095866048	0.102660078	0.107456414	0.131739655	0.026182046	0.066507026
568	0.094557674	0.101056739	0.106124354	0.132607235	0.026226688	0.066982416
569	0.093238436	0.099434576	0.104766013	0.13347751	0.026277632	0.067453365
570	0.091910103	0.097800064	0.103392452	0.134370897	0.02635464	0.067946346
571	0.090567757	0.096170314	0.10200675	0.135252054	0.026431794	0.068438829
572	0.089242654	0.094563302	0.100622065	0.136098028	0.026481306	0.068900135
573	0.087950852	0.092990755	0.099251555	0.136904212	0.026507356	0.069331352
574	0.086696662	0.091462897	0.097914538	0.137738995	0.026548224	0.069766214
575	0.085510685	0.090010287	0.096649948	0.138596896	0.02660783	0.070208266
576	0.084427661	0.088665508	0.095492701	0.139486567	0.026691103	0.070673723
577	0.083427184	0.087407372	0.094422177	0.140384768	0.026773485	0.071159165
578	0.082509764	0.086243434	0.093432959	0.141297292	0.026853044	0.071648438
579	0.081668683	0.085164251	0.092520702	0.142204507	0.026923517	0.072121829
580	0.080890906	0.084148887	0.091670658	0.143103516	0.02699213	0.072582094
581	0.08018031	0.083193451	0.090893096	0.144039764	0.027090856	0.073060956
582	0.079537497	0.082306995	0.090185217	0.145000081	0.027198693	0.073542746
583	0.078957806	0.081488763	0.089535762	0.145967562	0.027295326	0.07400597
584	0.078412323	0.080703043	0.088932305	0.146896778	0.027368936	0.074440949
585	0.077919809	0.079970337	0.088390438	0.147828787	0.027444012	0.074868867
586	0.077495484	0.079295945	0.087913702	0.148778561	0.027526794	0.075298967
587	0.077113097	0.078660966	0.087475815	0.149728994	0.027619895	0.075718213
588	0.076761767	0.078065479	0.087073598	0.150656217	0.027710516	0.076123752
589	0.076437148	0.07749863	0.086708678	0.15156128	0.027777556	0.076515525
590	0.076145945	0.076952163	0.086370688	0.152433405	0.027806245	0.076863677
591	0.075883817	0.076434047	0.086065381	0.153288045	0.027829836	0.077183022
592	0.075652707	0.075953909	0.085803672	0.154162253	0.027878912	0.077517934
593	0.075462355	0.075522795	0.085599719	0.155064793	0.027946068	0.077874709
594	0.075307663	0.075132285	0.085436882	0.155965366	0.028007721	0.078226601
595	0.075175317	0.074772989	0.085290508	0.156881608	0.028065769	0.078581108
596	0.075043309	0.074425604	0.085133486	0.157793265	0.02811545	0.07892583
597	0.07492235	0.074096946	0.084986783	0.158717457	0.028170721	0.079275608
598	0.074792887	0.073765836	0.084813769	0.159635112	0.028234197	0.079617871
599	0.074641501	0.07341888	0.084607168	0.160560663	0.028314652	0.079972733
600	0.074459341	0.073054068	0.08436584	0.161470209	0.028379684	0.080326536
601	0.07425492	0.072667507	0.084085864	0.162381496	0.028443857	0.080672914
602	0.074008732	0.072241719	0.083744965	0.163274862	0.028501461	0.081000785
603	0.073736335	0.071800302	0.083355536	0.164197672	0.028576149	0.081337711
604	0.073448387	0.071349185	0.082924131	0.165156747	0.028662436	0.081688625
605	0.073129348	0.070868676	0.082442802	0.166109551	0.028744766	0.08203229
606	0.072768595	0.070354108	0.081907141	0.167041817	0.028815876	0.082356193
607	0.072374523	0.069807308	0.081326835	0.168000219	0.028880852	0.082682496
608	0.071937276	0.069215474	0.080695272	0.168954152	0.028944606	0.082999427
609	0.071473521	0.068596027	0.080031573	0.169922963	0.029028044	0.083322586
610	0.071010882	0.067974515	0.079368963	0.170970903	0.029148899	0.083700916
611	0.07055351	0.067345858	0.07868812	0.172011179	0.029247163	0.084062898
612	0.070100319	0.066715123	0.07800549	0.173049674	0.029326117	0.084400312
613	0.069655411	0.066093908	0.077337647	0.174141668	0.029419573	0.084754663
614	0.069231424	0.065485575	0.076688723	0.175239124	0.029521635	0.085126373
615	0.068822696	0.064894636	0.076058384	0.176331323	0.029621884	0.085491334
616	0.068418259	0.064311948	0.075432487	0.177380485	0.029707901	0.085821147
617	0.068052818	0.063762612	0.074865936	0.178437498	0.029803932	0.086156683
618	0.067723772	0.063252478	0.074353137	0.17950568	0.029896327	0.086497354
619	0.067448747	0.062795771	0.073900351	0.180594543	0.029993559	0.086834122
620	0.06721844	0.062383957	0.073506668	0.18168668	0.030093069	0.087163275
621	0.067041464	0.062037743	0.073189285	0.18281368	0.030206347	0.087514523
622	0.066915794	0.061753839	0.07294849	0.183941019	0.030327704	0.087870102
623	0.066832357	0.061514804	0.072776397	0.18503453	0.030445918	0.088212219
624	0.06677631	0.061318579	0.072655244	0.186136434	0.030577943	0.088567819
625	0.066754775	0.061164182	0.072577605	0.187248136	0.030722719	0.08893424
626	0.066742734	0.061013138	0.072512588	0.188303066	0.030862405	0.089280025
627	0.06674336	0.060859356	0.072463178	0.189342827	0.03099563	0.089629133
628	0.066767169	0.060715941	0.072424362	0.190394095	0.031144821	0.090004702
629	0.066798578	0.060563741	0.07236919	0.191405214	0.031278147	0.090375384
630	0.066804783	0.060371908	0.072292652	0.192357447	0.031380659	0.090734213
631	0.066776967	0.06013614	0.07217756	0.193259489	0.031496233	0.091109259
632	0.066710357	0.059842958	0.071995506	0.194087123	0.031612524	0.091488625
633	0.066592405	0.05948634	0.071738031	0.194853484	0.031715902	0.091842312
634	0.066434632	0.059074454	0.071398428	0.195566675	0.031813054	0.092179949
635	0.066253281	0.058617918	0.070992302	0.196258248	0.031921862	0.092543187
636	0.06602572	0.058104709	0.070496517	0.196915976	0.032030935	0.092936185
637	0.065732631	0.057511122	0.069897978	0.197497611	0.032126802	0.093318399
638	0.065402995	0.056866914	0.069226793	0.198018071	0.03222409	0.093698052
639	0.0650417	0.056190122	0.068492642	0.198486898	0.032324109	0.094085001
640	0.064648969	0.055473683	0.06769411	0.198918154	0.032439103	0.094472778
641	0.064224873	0.054727529	0.066837743	0.199287765	0.032551961	0.094845643
642	0.063775569	0.053971162	0.06593711	0.199626455	0.032667099	0.095216552
643	0.063341425	0.053238695	0.065031243	0.199964374	0.032783516	0.095588222
644	0.062916519	0.052529943	0.064134404	0.20028039	0.032892985	0.095952738
645	0.062512012	0.051856243	0.063272173	0.200628286	0.032999809	0.096333334
646	0.062136207	0.051233778	0.062453243	0.201006746	0.033111868	0.096726404
647	0.061788808	0.050665342	0.06169117	0.201412399	0.033212676	0.097122105
648	0.061456569	0.050135332	0.060976654	0.201817533	0.03328834	0.097500454
649	0.061146481	0.049658466	0.060314129	0.202271789	0.033394358	0.09789487
650	0.060866039	0.04923857	0.059711793	0.202800747	0.033501914	0.098292989
651	0.060613414	0.048870815	0.059157208	0.203391605	0.033605482	0.098692341
652	0.060384268	0.048552223	0.05863104	0.204042304	0.033715694	0.099109793
653	0.060161357	0.048260055	0.058114865	0.204731414	0.033834054	0.099556402
654	0.059932403	0.047974044	0.057593647	0.205419481	0.033951368	0.100018412
655	0.059673508	0.047665312	0.057038599	0.206057836	0.034048852	0.100463174
656	0.059406502	0.047348926	0.056460803	0.206668413	0.034153692	0.100917669
657	0.059123413	0.047007968	0.05584351	0.207239264	0.034266007	0.10137898
658	0.058809156	0.046631143	0.055174205	0.207768976	0.034392911	0.101852818
659	0.058467144	0.046231521	0.054464313	0.208217833	0.034513925	0.102322267
660	0.058117827	0.04582508	0.053734138	0.208593862	0.034622547	0.102782554
661	0.057776024	0.045426008	0.053010248	0.208932673	0.034736726	0.103258703
662	0.057442136	0.045033169	0.052305002	0.209219148	0.034850838	0.10374258
663	0.057130114	0.044655287	0.051627703	0.209486649	0.034958079	0.104237053
664	0.056849174	0.0443038	0.050994059	0.209747169	0.035073628	0.10473684
665	0.056609756	0.043995994	0.050422829	0.210026401	0.035201905	0.105245758
666	0.056400469	0.043720332	0.049909242	0.210305716	0.035310281	0.105739323
667	0.056237049	0.043493923	0.049475995	0.210650552	0.035418046	0.106232695
668	0.056126811	0.043329111	0.049138943	0.211093876	0.035532616	0.106731429
669	0.056072529	0.043225466	0.048892283	0.211639746	0.035658041	0.107241534
670	0.056064481	0.043171129	0.048716949	0.212275728	0.035784562	0.107747801
671	0.056097232	0.043164122	0.048604664	0.21301065	0.035912305	0.108254181
672	0.056184796	0.04321419	0.048572559	0.21389639	0.036051322	0.108786211
673	0.056300454	0.04329392	0.048593522	0.214891676	0.036187634	0.109308129
674	0.056447845	0.04340511	0.048664546	0.216013389	0.036316784	0.10981956
675	0.056634505	0.043555011	0.048796571	0.217274961	0.036437874	0.110316797
676	0.056858468	0.043747755	0.049001125	0.218734123	0.036567926	0.110819691
677	0.05712306	0.043981326	0.049277137	0.220397189	0.036699048	0.111327118
678	0.05743864	0.044265447	0.049642727	0.222263636	0.036826055	0.111835193
679	0.057815263	0.044617335	0.050125161	0.224396493	0.036979362	0.112386194
680	0.058242582	0.045030015	0.050738453	0.226775227	0.037146037	0.112955779
681	0.05873387	0.045534706	0.051521515	0.229378926	0.037309344	0.113523983
682	0.059310917	0.046172865	0.052528897	0.232198166	0.03747245	0.114085046
683	0.059970649	0.046945985	0.053785273	0.235198259	0.037623126	0.114635469
684	0.060753742	0.047920869	0.055367677	0.238368858	0.037761896	0.115181633
685	0.061713336	0.049164554	0.05735027	0.241697687	0.037910456	0.115733835
686	0.062870644	0.050709582	0.059773803	0.245108844	0.038052748	0.116280678
687	0.064284498	0.052620918	0.062697531	0.248555009	0.0381969	0.116828136
688	0.06601022	0.054953733	0.066164395	0.251958787	0.038335371	0.117361093
689	0.068099015	0.05776026	0.070216693	0.25528378	0.038466707	0.117886875
690	0.070614534	0.06109417	0.074889177	0.258539649	0.038602082	0.118423098
691	0.073601792	0.064977329	0.080178113	0.261639343	0.038731888	0.118941961
692	0.077126484	0.069448472	0.086093586	0.264611959	0.038863747	0.119472232
693	0.081195047	0.074486795	0.092591044	0.267438301	0.03900272	0.120010507
694	0.085820568	0.080064707	0.099608224	0.270117565	0.039153595	0.120559929
695	0.091008371	0.086150313	0.107081044	0.272660635	0.039313592	0.121127093
696	0.096714614	0.092676917	0.114930779	0.27505944	0.039470689	0.121697428
697	0.102903666	0.099576463	0.123070682	0.277364315	0.039647347	0.122290927
698	0.109519934	0.106768429	0.131418055	0.279590397	0.039836968	0.122897523
699	0.116496931	0.114176936	0.139884992	0.281714062	0.040011881	0.123494721
700	0.123732748	0.121683058	0.14834991	0.283720408	0.040174924	0.124066503
701	0.131127074	0.129178796	0.156714709	0.285616381	0.040332074	0.124615522
702	0.138646562	0.136653915	0.164972653	0.287461652	0.040486447	0.125162819
703	0.14623199	0.144051218	0.173076926	0.289240885	0.040633266	0.125707044
704	0.153820403	0.151317574	0.180981413	0.290966739	0.040777165	0.126250034
705	0.161383009	0.15844328	0.18867385	0.292637569	0.040930888	0.126787496
706	0.168891394	0.165417099	0.196158107	0.294236651	0.041073781	0.127304872
707	0.176330964	0.172246334	0.203442239	0.295788454	0.041208161	0.127813054
708	0.18372432	0.178974849	0.210561583	0.297348903	0.041351019	0.12833881
709	0.191053458	0.185604311	0.217506246	0.298870841	0.04149828	0.12886357
710	0.198301534	0.19213397	0.224276236	0.300351666	0.041646736	0.129384548
711	0.205477078	0.198590012	0.23089084	0.301805015	0.041799078	0.129905325
712	0.212593919	0.204998594	0.237364068	0.303229469	0.04195524	0.130423403
713	0.219681266	0.211408255	0.243741883	0.304666971	0.042113975	0.130953063
714	0.226688591	0.217784046	0.24998084	0.306069071	0.042258646	0.131472131
715	0.233625546	0.224136042	0.25608007	0.307470843	0.042406065	0.132004221
716	0.240492788	0.230469708	0.262052339	0.308861218	0.042556191	0.132536449
717	0.24724752	0.236747958	0.267857071	0.310194111	0.042688482	0.133044925
718	0.253840906	0.242925847	0.273442589	0.311461103	0.042811912	0.133527669
719	0.260318968	0.249059709	0.278865346	0.312731685	0.042945006	0.134019847
720	0.266670639	0.255140561	0.28413059	0.314018928	0.04307777	0.134525143
721	0.27286783	0.261136241	0.289213891	0.315295613	0.043206908	0.135030931
722	0.278902839	0.267038557	0.294113288	0.31659345	0.04335534	0.135547498
723	0.284757277	0.272825392	0.298811696	0.317893472	0.043509289	0.136060876
724	0.290414401	0.278475524	0.30330821	0.319179426	0.043652763	0.136564398
725	0.295841027	0.28395517	0.307578891	0.320439277	0.04378808	0.137056839
726	0.301063667	0.289283504	0.311648749	0.321689543	0.043907323	0.137539716
727	0.306068282	0.2944454	0.315516813	0.322936052	0.04402427	0.138017865
728	0.310847073	0.299425795	0.31919164	0.324206239	0.044152284	0.138508332
729	0.315393091	0.304214475	0.322660737	0.325476755	0.044284704	0.138991304
730	0.319706971	0.308809482	0.325936428	0.326739785	0.044417567	0.139467176
731	0.323736468	0.31315435	0.328974508	0.327941487	0.044537217	0.139914865
732	0.327492439	0.317242325	0.331777552	0.329108381	0.04465212	0.140349051
733	0.331024589	0.321119214	0.334400336	0.330279926	0.044766037	0.14078576
734	0.334291878	0.324740333	0.336808528	0.33140672	0.044880765	0.141202302
735	0.337323981	0.328128883	0.339027658	0.332511795	0.044983463	0.141609832
736	0.340112858	0.331271213	0.341050933	0.333596546	0.045099815	0.142017796
737	0.342716662	0.334223607	0.342938292	0.334703382	0.04523613	0.142438462
738	0.345135686	0.336982931	0.344691258	0.335814238	0.045361971	0.142852566
739	0.347391158	0.339559467	0.346328512	0.336941272	0.045491336	0.143271125
740	0.349496158	0.341965918	0.347861807	0.338094938	0.045631371	0.143697331
741	0.351437919	0.3441909	0.349275435	0.339246576	0.045759192	0.144110273
742	0.353251361	0.346265516	0.350607737	0.340426562	0.045888445	0.144539672
743	0.354911711	0.348168604	0.351835349	0.341604882	0.04601517	0.144967008
744	0.356467191	0.349945844	0.352994244	0.342811137	0.046142153	0.145402284
745	0.357924871	0.351605527	0.354094944	0.344053427	0.046276405	0.145858945
746	0.359231162	0.353093834	0.355085735	0.34527187	0.046413603	0.146307687
747	0.360381592	0.354406192	0.355951537	0.346433447	0.046538683	0.146723193
748	0.36139204	0.355563265	0.356715147	0.347560963	0.046655939	0.147120474
749	0.362239146	0.356540314	0.357352523	0.348633353	0.046770006	0.147498875
750	0.362999697	0.357409767	0.357930471	0.349726944	0.046897911	0.147888336
751	0.363667397	0.358173999	0.358443367	0.350816515	0.047031242	0.148272815
752	0.364202711	0.358797603	0.358855447	0.351843994	0.047156153	0.148630849
753	0.364675137	0.359345317	0.359230425	0.352868881	0.047285015	0.148989702
754	0.365072583	0.359804701	0.359551345	0.353885965	0.047430301	0.149351172
755	0.365436601	0.360220044	0.359855904	0.354916815	0.047579523	0.149714244
756	0.365780395	0.360604032	0.360161503	0.355967007	0.047726628	0.150075485
757	0.366087812	0.360936762	0.36045171	0.357024257	0.047877118	0.150434508
758	0.366340616	0.361209373	0.360696277	0.358071317	0.048019397	0.150782001
759	0.366583376	0.361469805	0.360947368	0.359137303	0.048157435	0.151131226
760	0.366829694	0.361726792	0.361212315	0.360227992	0.048301727	0.151495034
761	0.367042922	0.36194343	0.361449779	0.361310392	0.048444597	0.151849785
762	0.3672351	0.362131917	0.361671556	0.36237905	0.048569208	0.152192074
763	0.367386403	0.362271895	0.361859885	0.363409484	0.048666528	0.15251799
764	0.367505135	0.362375112	0.362030847	0.364429005	0.048752061	0.152837482
765	0.367604322	0.362452662	0.362184	0.365450308	0.048834307	0.153143496
766	0.36770838	0.362532821	0.362346034	0.366483603	0.048916083	0.153448668
767	0.367789771	0.362587445	0.362495788	0.367500539	0.049001543	0.153752147
768	0.367861713	0.362629425	0.362635212	0.368532175	0.04910654	0.154057836
769	0.367923583	0.362658962	0.362769528	0.369558784	0.049216658	0.154358859
770	0.36798886	0.362695226	0.362918821	0.370581735	0.049323454	0.154660096
771	0.36802889	0.362710242	0.36305176	0.371589221	0.049434139	0.154955396
772	0.36804727	0.362702523	0.363166568	0.372578275	0.049548297	0.155242069
773	0.368021885	0.362648842	0.363241146	0.373529288	0.049669724	0.155512455
774	0.367983822	0.362578243	0.363307203	0.374474901	0.04979995	0.155778521
775	0.367930111	0.362496094	0.363355671	0.375386115	0.049915484	0.156029317
776	0.367883736	0.362424415	0.363412805	0.376292118	0.050025274	0.156273707
777	0.367842448	0.362359027	0.363493603	0.377194149	0.050139638	0.156509329
778	0.367792401	0.362284669	0.363559712	0.378081348	0.050245912	0.156749324
779	0.367709139	0.362172851	0.363587611	0.378929908	0.05034349	0.156971953
780	0.3676226	0.362057859	0.363615823	0.379767347	0.05043056	0.157180589
781	0.367541751	0.361950286	0.363656077	0.380608325	0.050521662	0.157392544
782	0.36753626	0.361916379	0.363770254	0.381524241	0.050634788	0.15763719
783	0.367517333	0.361867075	0.363864875	0.382416192	0.050753497	0.157865963
784	0.367492852	0.361818215	0.363958857	0.383280651	0.050859482	0.158085708
785	0.367471859	0.361771355	0.364051233	0.384153408	0.050978223	0.158312387
786	0.367479142	0.361751946	0.364165662	0.3850649	0.051112991	0.158554089
787	0.367532546	0.361780833	0.364331376	0.386008572	0.051243355	0.15880881
788	0.367608328	0.361832493	0.364524713	0.38697004	0.051373393	0.159074731
789	0.367611735	0.361818311	0.364649257	0.387855163	0.051488063	0.159303329
790	0.367607372	0.361796773	0.364762712	0.388718959	0.051591407	0.159513316
791	0.3675964	0.361766654	0.364864002	0.389562889	0.051697125	0.159717493
792	0.367634907	0.361787023	0.36501419	0.390453396	0.05181791	0.159945288
793	0.367656689	0.361797307	0.365152387	0.391314504	0.051932638	0.160163589
794	0.367639976	0.361769554	0.365258724	0.392140581	0.052043484	0.160366253
795	0.367589491	0.361705986	0.365335929	0.392920476	0.05214034	0.160540818
796	0.367510471	0.361612423	0.365375215	0.393653095	0.052219726	0.160694238
797	0.367438972	0.361519381	0.365419037	0.394388245	0.052313702	0.16083691
798	0.367391162	0.361448411	0.365494805	0.395154449	0.052407282	0.160985897
799	0.367401577	0.361438373	0.365632889	0.39596853	0.052509675	0.161157643
800	0.367407904	0.361427894	0.365763548	0.396747626	0.052612162	0.161317764
801	0.367352048	0.361351841	0.365832271	0.397468471	0.052699103	0.161446295
802	0.367269538	0.3612463	0.365874637	0.398155058	0.052776586	0.16156538
803	0.367208417	0.361155617	0.365933141	0.398859946	0.05287104	0.16170351
804	0.367187416	0.361108186	0.366033768	0.399599247	0.052968528	0.1618477
805	0.367203406	0.361096984	0.36617069	0.400356887	0.053068662	0.162002021
806	0.367214559	0.361077982	0.366299515	0.401097624	0.05317085	0.162156312
807	0.36721249	0.361051206	0.366408747	0.401825497	0.053271343	0.162302693
808	0.367247905	0.361065889	0.366553896	0.402611068	0.053395766	0.162477126
809	0.367314659	0.361114302	0.366731294	0.403438894	0.053540155	0.162681097
810	0.367368757	0.36115774	0.366904416	0.40425285	0.053680489	0.162884303
811	0.367388735	0.36116874	0.367033693	0.40502165	0.053816717	0.163071541
812	0.367405579	0.361176728	0.367165032	0.405772236	0.053942166	0.163238194
813	0.367439109	0.361200345	0.367328523	0.406520872	0.054062771	0.163381371
814	0.367439857	0.361192742	0.367450174	0.407230889	0.054180321	0.163510676
815	0.367421738	0.361168216	0.367549725	0.407919307	0.054299688	0.163631679
816	0.367393086	0.361135744	0.367645399	0.408588516	0.054403083	0.163740871
817	0.36738255	0.361118589	0.367752063	0.409241037	0.054500042	0.163847332
818	0.367325091	0.361049831	0.367805365	0.409819185	0.054588054	0.163928338
819	0.367200997	0.360907034	0.36779336	0.410332517	0.054665937	0.163979453
820	0.367045227	0.360735727	0.367758707	0.410794356	0.054739937	0.164007209
821	0.366926433	0.360604561	0.367751423	0.411272113	0.054812173	0.164048997
822	0.366865106	0.360532026	0.367795781	0.411797755	0.054889615	0.164107793
823	0.366840133	0.360491005	0.367874171	0.412342826	0.054975959	0.1641849
824	0.366849365	0.360473915	0.367980227	0.412931898	0.055077894	0.164290116
825	0.366917651	0.360512498	0.368147858	0.413584446	0.05518507	0.164419698
826	0.367047641	0.360612804	0.36838797	0.414295148	0.055293791	0.164567397
827	0.367189073	0.360724137	0.368641203	0.414997788	0.055384153	0.16470639
828	0.367228317	0.360736901	0.368793465	0.415571767	0.055449898	0.164799354
829	0.367253257	0.360736214	0.368925417	0.41611945	0.055517921	0.164884126
830	0.367265224	0.360728738	0.369054484	0.416623387	0.055566352	0.164934541
831	0.367270073	0.360716783	0.369170511	0.417124468	0.055618684	0.164975798
832	0.36724454	0.360672927	0.369239052	0.417594022	0.055678494	0.165017446
833	0.367247376	0.360649662	0.369341013	0.418083149	0.055756101	0.165079404
834	0.367281177	0.360660612	0.369469789	0.41858888	0.055814662	0.165127986
835	0.367359594	0.360714472	0.369642485	0.41912574	0.055867673	0.165186229
836	0.367449251	0.360779163	0.369833237	0.41966578	0.05593405	0.165252957
837	0.367508003	0.360821265	0.370000505	0.420205018	0.056026272	0.165330104
838	0.367597489	0.360896008	0.370195841	0.420787006	0.056136174	0.165424144
839	0.367718979	0.3610004	0.370404729	0.421390157	0.056249453	0.165538079
840	0.367894461	0.361158008	0.370667122	0.422060705	0.056370975	0.165681907
841	0.368041583	0.361286289	0.37090321	0.422688316	0.056491963	0.165806119
842	0.36817364	0.361395019	0.37112252	0.423290619	0.056604655	0.165916432
843	0.368324729	0.361525972	0.371368854	0.42390223	0.056688214	0.16601391
844	0.368442796	0.361621104	0.371567922	0.424455522	0.056761087	0.166093173
845	0.368547217	0.361702584	0.371738299	0.424986988	0.056837816	0.166173112
846	0.368561832	0.361704241	0.371814601	0.42540736	0.056907269	0.166219548
847	0.368569161	0.361704588	0.371893895	0.425819515	0.056973281	0.166267307
848	0.368604229	0.361729787	0.371995004	0.426234045	0.057036539	0.166309349
849	0.368608225	0.361715633	0.372054964	0.426601984	0.057102785	0.166334289
850	0.368638311	0.361729117	0.372167265	0.427011889	0.057161093	0.16638543
851	0.368670312	0.361737835	0.372281972	0.427409913	0.057202975	0.166425121
852	0.368685042	0.361729452	0.37236835	0.427774166	0.057223495	0.166426326
853	0.368757957	0.361774268	0.372521221	0.428200054	0.057283987	0.166477259
854	0.368791493	0.361785547	0.37264646	0.428597787	0.057347913	0.166539073
855	0.368836048	0.361808243	0.372782071	0.429031781	0.057421832	0.166621669
856	0.368921529	0.361852604	0.372943823	0.429480184	0.057493804	0.166693134
857	0.369080617	0.36197801	0.37316841	0.430053844	0.05759053	0.16681375
858	0.369257159	0.362130924	0.373413561	0.430669543	0.05768903	0.166963328
859	0.369327421	0.362183355	0.373561477	0.431145637	0.057761052	0.167066282
860	0.369376376	0.362218595	0.373664579	0.43158325	0.057819782	0.167134443
861	0.369431263	0.362265684	0.373770573	0.432040307	0.057882599	0.167210057
862	0.369538277	0.362369274	0.373927629	0.432557403	0.057978689	0.167328189
863	0.369708151	0.362543582	0.374156949	0.433135156	0.058092706	0.167480009
864	0.36981462	0.362656341	0.374327335	0.433624989	0.058186673	0.167583051
865	0.369894719	0.362737046	0.374482356	0.434080357	0.058261858	0.167662939
866	0.369929869	0.362767135	0.374594402	0.434466883	0.0583164	0.167714275
867	0.369890664	0.362727522	0.374629922	0.434760427	0.058347102	0.167731699
868	0.3698971	0.362736348	0.374724734	0.435126888	0.0583807	0.167784527
869	0.369904832	0.362731702	0.374808586	0.435473763	0.058425884	0.167831796
870	0.369916306	0.36273004	0.374906857	0.435832076	0.058485075	0.167891974
871	0.369934915	0.362737726	0.375025635	0.436202759	0.058553385	0.167973213
872	0.369922277	0.362712514	0.375114112	0.436535598	0.058598004	0.168043742
873	0.369963393	0.362729569	0.375249677	0.436896837	0.058625856	0.16812694
874	0.37003507	0.36276982	0.375394715	0.43730774	0.058675371	0.168217622
875	0.370143475	0.362863536	0.375564302	0.437822355	0.058757441	0.168348589
876	0.370169024	0.362887058	0.375654237	0.438217717	0.058811553	0.16844498
877	0.370139682	0.362852282	0.375705604	0.438562935	0.058888024	0.168530539
878	0.370109195	0.362822221	0.375749907	0.438915335	0.058988185	0.168606822
879	0.370071792	0.362806555	0.375797497	0.439246762	0.059066638	0.168680309
880	0.370128284	0.362876791	0.37595216	0.439691946	0.059168402	0.16881324
881	0.370181242	0.362929597	0.376096046	0.440099724	0.059263313	0.168934058
882	0.370212736	0.362946014	0.376204517	0.440448911	0.059335539	0.169016325
883	0.370200506	0.362925646	0.376279342	0.44076464	0.059400624	0.169100299
884	0.370156609	0.362875083	0.376311981	0.441042886	0.05944587	0.169175245
885	0.370163611	0.362871112	0.376370479	0.441365358	0.059486023	0.169261094
886	0.370214512	0.362900451	0.376495787	0.441795269	0.059580218	0.169414965
887	0.370225753	0.362882861	0.376614601	0.442178831	0.059665439	0.169537302
888	0.370190739	0.362820961	0.376701188	0.442505319	0.059734373	0.169615449
889	0.370124505	0.362730673	0.37672268	0.442789702	0.059819374	0.169672284
890	0.37006048	0.362657399	0.376744624	0.443085955	0.059917612	0.16978485
891	0.370009956	0.362609184	0.376780742	0.44339153	0.060014555	0.169927759
892	0.369965911	0.362569521	0.376809989	0.443712894	0.060134724	0.170060772
893	0.36995154	0.362563518	0.376849637	0.444069703	0.060267839	0.170189186
894	0.369925063	0.362552102	0.376888244	0.444406604	0.060399344	0.170311703
895	0.369921566	0.362555769	0.376976225	0.444794443	0.060556472	0.170456388
896	0.369913397	0.362534329	0.377058051	0.44518129	0.060685373	0.170610388
897	0.369908715	0.36252037	0.377142172	0.445529767	0.060768764	0.17074769
898	0.369963062	0.362554648	0.377296677	0.445936056	0.060862503	0.170918194
899	0.370017181	0.362584529	0.377426657	0.446325211	0.06094501	0.171091099
900	0.370052615	0.362607874	0.377526923	0.44669714	0.061027631	0.171265135
901	0.370067891	0.362620548	0.377615157	0.447055392	0.061096988	0.171422467
902	0.37011859	0.36264306	0.377742418	0.447394457	0.061114922	0.171510205
903	0.370126546	0.362628645	0.377819171	0.447702243	0.061115253	0.17159945
904	0.370096533	0.362573808	0.37789596	0.448013924	0.061138876	0.171714801
905	0.370035226	0.362474614	0.377977724	0.448263121	0.061143249	0.171782494
906	0.370007228	0.362421679	0.378047423	0.44851917	0.061153425	0.171848599
907	0.369990123	0.362400744	0.378094427	0.448804757	0.061202885	0.171977726
908	0.370009366	0.362435254	0.378192514	0.449148889	0.061275251	0.172205271
909	0.370038216	0.362468125	0.378277183	0.44945085	0.06133736	0.172382307
910	0.37007206	0.362517762	0.378382168	0.449752237	0.061409016	0.172504105
911	0.370117905	0.36259319	0.378513612	0.450089929	0.061504958	0.172606283
912	0.370176259	0.362668159	0.378659773	0.450432795	0.061617106	0.172715433
913	0.370249913	0.362744866	0.378816412	0.45078349	0.061719412	0.172890135
914	0.370319055	0.362798076	0.37896508	0.451145203	0.061826441	0.173108468
915	0.370374978	0.362854101	0.379114494	0.451499294	0.061962264	0.173301295
916	0.370447524	0.362919994	0.379268396	0.451872206	0.062101821	0.173508853
917	0.370480557	0.362940921	0.37937975	0.452227077	0.06223744	0.173722125
918	0.370457253	0.362915039	0.37946501	0.452534991	0.062355884	0.173910911
919	0.370454316	0.362900695	0.379547147	0.452896215	0.062498026	0.174067751
920	0.37048399	0.362902299	0.379660254	0.453239106	0.06259284	0.174209294
921	0.37045403	0.362850738	0.379702346	0.453496089	0.062641369	0.174373258
922	0.370402573	0.362768468	0.379742481	0.45378728	0.062691887	0.174528205
923	0.370375409	0.362693011	0.379806114	0.454074885	0.062732994	0.174677139
924	0.370346432	0.362630705	0.37982462	0.454293867	0.06273051	0.174795689
925	0.370343031	0.362618292	0.379881693	0.454539219	0.062699802	0.17492152
926	0.370340699	0.362619718	0.379959777	0.454822007	0.062720723	0.17508768
927	0.370328515	0.362614361	0.380034762	0.455102827	0.062775511	0.175217828
928	0.370333597	0.362645042	0.380153078	0.45544547	0.062868759	0.17533559
929	0.370366879	0.362696684	0.380293762	0.455798921	0.062982049	0.175513332
930	0.370394604	0.362722728	0.380414218	0.456140941	0.063089971	0.175743424
931	0.370362847	0.362688959	0.380491087	0.45644935	0.063181684	0.17601253
932	0.370351974	0.362673363	0.380585301	0.456790889	0.063344579	0.176289219
933	0.370328294	0.362641626	0.380683408	0.457153021	0.063549038	0.176563268
934	0.370268432	0.362570437	0.380749923	0.457449951	0.063711826	0.1768219
935	0.370190834	0.362496284	0.380809801	0.457645662	0.063794054	0.176986864
936	0.370139061	0.36241645	0.380879607	0.457891096	0.063886726	0.177159538
937	0.370151111	0.362375709	0.380969042	0.458255817	0.064025306	0.177355209
938	0.370132801	0.362314305	0.381040222	0.458565666	0.064110447	0.17752032
939	0.370042743	0.362207261	0.381052261	0.458756608	0.064168627	0.17764178
940	0.369913601	0.362063587	0.381046825	0.458943634	0.064248847	0.177761964
941	0.369816482	0.361921664	0.381104291	0.459126605	0.064332338	0.177923712
942	0.369724389	0.361804867	0.38110132	0.459266815	0.064343065	0.178005367
943	0.369618693	0.361698415	0.381073818	0.459457994	0.064343171	0.178089259
944	0.369453901	0.361533311	0.380998698	0.459673969	0.064407692	0.178225186
945	0.369310993	0.36137599	0.380929976	0.459820733	0.064473569	0.178320102
946	0.369179658	0.361212371	0.380891067	0.459947498	0.064530413	0.178402656
947	0.369020274	0.361008931	0.380851719	0.460053825	0.064590995	0.178535623
948	0.368798182	0.360739129	0.380744962	0.46017133	0.06467163	0.178686136
949	0.368567365	0.36045496	0.380615983	0.460182228	0.064681664	0.178755402
950	0.368394357	0.3602414	0.380545353	0.460189296	0.064674067	0.178813287
951	0.368180056	0.360017435	0.380497144	0.460212315	0.064635996	0.178896064
952	0.367974024	0.359761358	0.380477987	0.460174591	0.064565923	0.178935183
953	0.36779379	0.359521079	0.380501346	0.460164314	0.064512315	0.178985429
954	0.367585353	0.359251835	0.380507079	0.460290871	0.064585216	0.179162743
955	0.367435469	0.359065088	0.38051894	0.460610979	0.064803253	0.179451674
956	0.367334365	0.35895032	0.380529671	0.460963945	0.065032219	0.17973919
957	0.367264012	0.358858232	0.380544864	0.461227395	0.065216913	0.179989477
958	0.367221195	0.358754235	0.380611056	0.461467967	0.065373348	0.180195509
959	0.367192933	0.358668757	0.380701943	0.461851518	0.065559892	0.180493496
960	0.367118577	0.358580607	0.380694381	0.462228117	0.065704822	0.180755751
961	0.36696003	0.358428175	0.380628637	0.462480844	0.06580783	0.180947193
962	0.366771168	0.358247473	0.38051177	0.462597671	0.065904192	0.181122468
963	0.3666194	0.358100611	0.3803888	0.462579816	0.065968667	0.181238116
964	0.366505008	0.357995129	0.380283621	0.462568376	0.065988007	0.181318195
965	0.366379017	0.357874223	0.3801979	0.462574177	0.065970221	0.181434704
966	0.366235433	0.357739093	0.380102726	0.462612421	0.065924878	0.181570364
967	0.366102694	0.357627419	0.380053962	0.462632058	0.065808433	0.181670339
968	0.365927463	0.357544982	0.38002071	0.462531429	0.065683517	0.181760469
969	0.36575764	0.357467864	0.379970904	0.4625592	0.065668721	0.181984103
970	0.365627416	0.357360664	0.379889714	0.462664526	0.0657436	0.18228655
971	0.365481956	0.357218424	0.379765986	0.462731333	0.065822835	0.182602752
972	0.365390663	0.357120164	0.37968055	0.462885536	0.065962053	0.182926437
973	0.365365373	0.357071467	0.379614143	0.463098812	0.066069317	0.18319941
974	0.365375223	0.357071472	0.379593697	0.463286631	0.065957004	0.183347655
975	0.365422855	0.35708979	0.379699353	0.463536319	0.066065994	0.183546016
976	0.365448268	0.357076995	0.379862477	0.463809626	0.066235301	0.183729256
977	0.365378657	0.356991174	0.379948369	0.464066884	0.066304819	0.18387507
978	0.365278642	0.356917564	0.379986554	0.464257421	0.066289989	0.183907072
979	0.36514988	0.356819963	0.379964911	0.464269783	0.066121425	0.183808984
980	0.365020526	0.356718876	0.379914896	0.464241101	0.065906701	0.183762246
981	0.364987812	0.356762376	0.379987268	0.464453357	0.065836511	0.183901808
982	0.365004409	0.356863073	0.380144895	0.464782536	0.065933387	0.184186481
983	0.3649648	0.356895988	0.380311007	0.465124207	0.066125172	0.184565674
984	0.364832768	0.356838232	0.380377517	0.465378139	0.066253757	0.18485375
985	0.364776234	0.356846773	0.380411225	0.465635866	0.066406924	0.185132049
986	0.364782762	0.356877459	0.380444948	0.465870246	0.066620054	0.18542357
987	0.364834483	0.356815985	0.380492493	0.466324955	0.066977536	0.185844119
988	0.364820927	0.356779672	0.380395207	0.46659446	0.06725463	0.186312674
989	0.364732762	0.356686353	0.380233465	0.466637681	0.067419962	0.186701539
990	0.364644314	0.356586584	0.380108415	0.466720519	0.067577363	0.18704995
991	0.364681181	0.35660133	0.380034689	0.4669179	0.067658037	0.187320614
992	0.364599344	0.356740146	0.379919431	0.467874558	0.068162706	0.188005378
993	0.3645976	0.356816665	0.379855564	0.468451763	0.068596744	0.18846165
994	0.364570347	0.3567777	0.379707454	0.468546408	0.068576706	0.188523351
995	0.364522024	0.356681665	0.379546057	0.468294343	0.068212629	0.188319209
996	0.364508584	0.356609597	0.379453578	0.467864165	0.067715619	0.18800883
997	0.364504948	0.356498448	0.379421462	0.467214288	0.067089331	0.187574348
998	0.364548641	0.356414132	0.379494403	0.466506044	0.066492589	0.187095186
999	0.364659737	0.35640677	0.37967949	0.465859173	0.066025174	0.18665278
1000	0.364754819	0.356348677	0.37985214	0.465054293	0.065521661	0.186096097
1001	0.364824447	0.356227117	0.379988638	0.464141958	0.064923707	0.185396904
1002	0.364938763	0.356088484	0.380117537	0.463231916	0.064286524	0.18461211
1003	0.365195146	0.356038879	0.380324309	0.462513896	0.063800299	0.183945533
1004	0.365412361	0.355932669	0.380558332	0.461889823	0.063425126	0.183397974
1005	0.365553668	0.355804531	0.380759216	0.461328352	0.063126209	0.182997197
1006	0.365617468	0.355772651	0.380808444	0.460765492	0.062806061	0.182795379
1007	0.365650615	0.355695527	0.380840493	0.460436449	0.062585351	0.182741489
1008	0.36570991	0.355660068	0.380889898	0.46045044	0.062502068	0.182819997
1009	0.365819398	0.355762417	0.380956761	0.46088764	0.062594114	0.183070541
1010	0.36573113	0.35582895	0.380899852	0.461642025	0.06292206	0.183606939
1011	0.365731219	0.35578824	0.380837142	0.46165766	0.062832397	0.183757825
1012	0.365720923	0.355771729	0.38079349	0.461690154	0.06277593	0.183928138
1013	0.365689486	0.355797683	0.380824874	0.461775465	0.062765391	0.184107775
1014	0.365639197	0.355843422	0.380891762	0.46186776	0.062778425	0.184259388
1015	0.365569042	0.355884501	0.380971646	0.461921225	0.062780814	0.184355415
1016	0.365448769	0.355886377	0.381005521	0.461922145	0.062754339	0.184403721
1017	0.365319719	0.35587893	0.381009193	0.46198577	0.062704792	0.184470149
1018	0.365240246	0.355906819	0.381038354	0.462173265	0.062662476	0.184586311
1019	0.365163833	0.355910596	0.381030255	0.462366031	0.062647997	0.184704373
1020	0.365161211	0.355963751	0.381054027	0.462628186	0.062713362	0.184864593
1021	0.36522108	0.356065862	0.381117575	0.462941559	0.062809137	0.185068244
1022	0.365296391	0.356148079	0.381177119	0.4632121	0.062846675	0.185245119
1023	0.365382427	0.356206349	0.38123307	0.463453106	0.062834394	0.185403557
1024	0.365457184	0.356245904	0.381286192	0.463674135	0.062793014	0.185590641
1025	0.365481185	0.356233451	0.381307407	0.463830117	0.062742935	0.185754818
1026	0.36552451	0.356233877	0.381370641	0.463991409	0.062718323	0.185894927
1027	0.36559571	0.356260142	0.381476257	0.464184193	0.062736178	0.18606656
1028	0.365671103	0.356290238	0.381575848	0.464389979	0.062792499	0.186301078
1029	0.36576324	0.356344773	0.381681409	0.46461054	0.062876708	0.186557425
1030	0.365869949	0.356432652	0.381823103	0.464858012	0.06295599	0.186795146
1031	0.36597	0.356541311	0.3819935	0.465111777	0.062991811	0.187019246
1032	0.366011994	0.356592209	0.38211097	0.465254418	0.062972995	0.187226782
1033	0.36599862	0.356561107	0.38214961	0.465277344	0.062928914	0.187425022
1034	0.365962793	0.356490992	0.382146157	0.465308463	0.062893482	0.187622462
1035	0.365921477	0.356412798	0.382133602	0.465431969	0.062883886	0.187830416
1036	0.365894641	0.35635689	0.382122064	0.465601931	0.06290042	0.188070473
1037	0.365915799	0.356363252	0.3821308	0.465804766	0.062947815	0.188367634
1038	0.36600327	0.356443073	0.382176958	0.466056451	0.063044271	0.188692068
1039	0.366132279	0.356548829	0.382224985	0.466311579	0.063126607	0.188966306
1040	0.366210224	0.356586978	0.382209746	0.466483794	0.063137373	0.189141647
1041	0.366247701	0.356594021	0.38219397	0.466661012	0.063134055	0.189302614
1042	0.366272482	0.356621437	0.382214726	0.466885339	0.063149494	0.189482951
1043	0.366321052	0.356694168	0.382276101	0.467159632	0.063167682	0.189652768
1044	0.366416051	0.356820593	0.382397632	0.467517539	0.0632126	0.189837786
1045	0.366495439	0.356938563	0.382507789	0.467869701	0.063266651	0.190025017
1046	0.366538727	0.357015187	0.3825762	0.468160527	0.063306047	0.190198631
1047	0.366587767	0.357091187	0.382655736	0.468430974	0.063328525	0.190372321
1048	0.366605909	0.357136088	0.382716997	0.468644758	0.063324223	0.19053346
1049	0.366607374	0.357165822	0.38277157	0.468816457	0.063294711	0.19067485
1050	0.366566418	0.357157626	0.382781242	0.468895165	0.063268725	0.190771425
1051	0.366495547	0.357120662	0.38274737	0.468921287	0.063289112	0.19085632
1052	0.366437883	0.357094395	0.382733158	0.469005793	0.063355573	0.190975372
1053	0.366383553	0.35705163	0.382718961	0.469125694	0.063424911	0.191122406
1054	0.366348851	0.357011068	0.382710757	0.469233761	0.06346479	0.191300686
1055	0.366369849	0.357038763	0.382778234	0.469401347	0.063528354	0.191518589
1056	0.366360175	0.357046143	0.382826846	0.469551763	0.063587863	0.191693027
1057	0.366338356	0.357014956	0.382846202	0.469694977	0.063624423	0.191842192
1058	0.36633953	0.356979363	0.382885319	0.469891072	0.063637331	0.192038479
1059	0.366336054	0.356949103	0.382938506	0.470118808	0.063616605	0.192271691
1060	0.366330825	0.35695606	0.383004251	0.470367683	0.063596835	0.19250332
1061	0.366339135	0.357003061	0.383077347	0.47062452	0.063597319	0.192723378
1062	0.366354468	0.357066404	0.38313555	0.470861802	0.063618553	0.192952983
1063	0.3663664	0.357132478	0.383158195	0.47105986	0.063637974	0.193195295
1064	0.366359194	0.357159366	0.383141155	0.471206267	0.06365224	0.193432271
1065	0.366390183	0.357190378	0.383172607	0.471385491	0.063682083	0.193689607
1066	0.366409692	0.357193146	0.383205505	0.471542862	0.063705392	0.193918962
1067	0.366423209	0.357194404	0.383219553	0.471688519	0.063724506	0.194100048
1068	0.366439203	0.357220504	0.383225594	0.471832369	0.063784256	0.194265988
1069	0.366473281	0.357254639	0.383246601	0.471990382	0.063893126	0.194439972
1070	0.366585178	0.35731289	0.383340645	0.472251105	0.06401533	0.194650669
1071	0.366657722	0.357295318	0.383409986	0.472485002	0.064076051	0.194832661
1072	0.366699489	0.357266067	0.383505641	0.472707436	0.064101172	0.194987209
1073	0.36668692	0.357230446	0.383612468	0.472896872	0.064128906	0.195115042
1074	0.366636386	0.357162899	0.383687303	0.473035629	0.064117895	0.195237148
1075	0.366578938	0.357058717	0.383716521	0.473129355	0.064079619	0.195389621
1076	0.366553096	0.35699126	0.383767029	0.473257172	0.064037592	0.195599848
1077	0.366474274	0.356909227	0.383790492	0.47333147	0.063982867	0.195807238
1078	0.366413167	0.356863995	0.383849215	0.473435932	0.063951598	0.196041201
1079	0.366374617	0.356846125	0.383904123	0.473563311	0.063913885	0.19631485
1080	0.366358448	0.356870472	0.383944829	0.473717959	0.063839142	0.196630163
1081	0.36630625	0.356877735	0.383933604	0.47383134	0.063733887	0.1969283
1082	0.366237841	0.356871181	0.38390469	0.47393213	0.063640544	0.197174698
1083	0.366219327	0.356899966	0.383926563	0.474093526	0.063598643	0.197402866
1084	0.366236847	0.356942977	0.383962811	0.47426324	0.063608423	0.197602728
1085	0.366318825	0.357035579	0.384033797	0.474486602	0.063677508	0.197807042
1086	0.366409657	0.357132644	0.384098993	0.474730635	0.063803168	0.198016133
1087	0.366498621	0.35720431	0.384158857	0.474990225	0.063939883	0.19820473
1088	0.366568636	0.357229634	0.384215272	0.475244492	0.064042166	0.19836
1089	0.366559564	0.35717619	0.384231801	0.475424951	0.064095328	0.198477458
1090	0.366521111	0.357122498	0.384270066	0.475574664	0.064106308	0.198579724
1091	0.366448731	0.357057267	0.384302845	0.47564565	0.064071522	0.198650174
1092	0.366427921	0.357021547	0.384372364	0.475735658	0.06401367	0.198741813
1093	0.366402904	0.356954883	0.384408187	0.475794696	0.063942295	0.198842334
1094	0.366385324	0.356895317	0.384460286	0.475887639	0.063885532	0.198974898
1095	0.366350384	0.356819557	0.384527547	0.47601551	0.063858239	0.199134493
1096	0.366310674	0.356745772	0.384598303	0.476173753	0.06384494	0.199320567
1097	0.366237675	0.356678445	0.384623222	0.476315806	0.063832889	0.199501241
1098	0.36613171	0.356626372	0.384616692	0.476438715	0.063836559	0.199668211
1099	0.366022573	0.356600233	0.384618725	0.476567603	0.063876792	0.199836796
1100	0.365938597	0.356607658	0.384639804	0.476714638	0.06395625	0.200005234
1101	0.365912916	0.356659449	0.384700915	0.476906121	0.06407555	0.200193651
1102	0.365908331	0.35670547	0.384757805	0.477086097	0.064208591	0.200388877
1103	0.365978444	0.356801794	0.384867305	0.477315162	0.064317776	0.20063274
1104	0.366022106	0.356859421	0.384935933	0.477460091	0.064376293	0.200861611
1105	0.36600908	0.356850312	0.384960652	0.477500619	0.06438934	0.201039576
1106	0.365988421	0.356810115	0.384998695	0.477524616	0.064377994	0.201202042
1107	0.365965434	0.356750094	0.385036632	0.477553342	0.06434875	0.201373721
1108	0.365936687	0.356698906	0.385070898	0.477600615	0.064294475	0.201566471
1109	0.365915849	0.356661709	0.385109429	0.477665415	0.064215041	0.201769147
1110	0.365911218	0.356629498	0.38516186	0.477776083	0.06410722	0.201987502
1111	0.36586998	0.356560495	0.385176406	0.477882608	0.063995298	0.202194738
1112	0.365798285	0.356474014	0.385159209	0.477990098	0.063927822	0.202372719
1113	0.365696071	0.356370435	0.385114665	0.478086217	0.06391169	0.202515533
1114	0.365556335	0.356259284	0.385047272	0.478141341	0.06392059	0.202654174
1115	0.365395718	0.356152924	0.384970957	0.47818208	0.063956888	0.20280091
1116	0.365270328	0.356090349	0.384937221	0.47830453	0.064014811	0.202977502
1117	0.365148966	0.356044009	0.384916766	0.478463818	0.064068491	0.203159886
1118	0.36502347	0.355990708	0.384886441	0.478592123	0.064125963	0.203302819
1119	0.364955561	0.355972287	0.384890958	0.478720356	0.064206678	0.203410179
1120	0.364857254	0.355900426	0.38484887	0.478726154	0.064257805	0.203458838
1121	0.364791765	0.355838636	0.384859461	0.478692065	0.064249061	0.203491273
1122	0.364661955	0.3557016	0.384824056	0.478528729	0.06419099	0.203471241
1123	0.364483415	0.355516252	0.384747207	0.478296457	0.0641254	0.203455866
1124	0.364343079	0.355358936	0.384702183	0.47812778	0.064069318	0.203498101
1125	0.36414619	0.355129303	0.384559371	0.477917903	0.063955635	0.203525481
1126	0.363925321	0.354876513	0.384382133	0.477731813	0.063788556	0.203572047
1127	0.363699677	0.354616611	0.384231177	0.47758334	0.063595817	0.203641296
1128	0.363454295	0.354327518	0.384089949	0.477441344	0.063381285	0.203711733
1129	0.363218401	0.354048838	0.383978536	0.477333414	0.063171062	0.203785587
1130	0.362966447	0.353764585	0.383865894	0.477212869	0.062975013	0.203848434
1131	0.36267164	0.353429923	0.383717553	0.477013194	0.062790885	0.203911479
1132	0.362411797	0.353098862	0.383603448	0.476801311	0.062653227	0.204044685
1133	0.362164898	0.352747198	0.383491803	0.476598049	0.062553353	0.204197319
1134	0.36193915	0.352394855	0.38340261	0.476490977	0.062479837	0.204352953
1135	0.361662687	0.351979526	0.383263705	0.476347979	0.062421328	0.20446716
1136	0.361390718	0.3515377	0.383122519	0.476186828	0.062386704	0.204555312
1137	0.361115041	0.351073694	0.38297388	0.475989021	0.062354766	0.204600534
1138	0.360772294	0.350572185	0.382772241	0.475725364	0.062313499	0.204574688
1139	0.360430648	0.350104239	0.382601596	0.475494027	0.062254313	0.204526892
1140	0.360032091	0.349590211	0.382380284	0.475155858	0.062128104	0.204463735
1141	0.359635167	0.349084409	0.382159897	0.474770599	0.061933653	0.204424635
1142	0.359159393	0.34850934	0.381851467	0.47427467	0.061652078	0.204311606
1143	0.358598137	0.347870123	0.381439468	0.473687386	0.061286962	0.204104627
1144	0.3579999	0.347246509	0.380999802	0.473079606	0.060909291	0.203843716
1145	0.357395939	0.346671953	0.38056655	0.472491533	0.060560123	0.203538677
1146	0.356794756	0.346126239	0.380139853	0.471912548	0.060195157	0.203194177
1147	0.356233861	0.3456229	0.379770122	0.471384182	0.05976543	0.202838403
1148	0.355669698	0.345107486	0.3794005	0.470808467	0.059312389	0.202472359
1149	0.355089504	0.344547584	0.379028078	0.470096137	0.058904384	0.202124312
1150	0.354566008	0.344014468	0.378716558	0.469386949	0.058563972	0.201850577
1151	0.354081556	0.343523291	0.378441935	0.468797252	0.058332068	0.201672974
1152	0.353597248	0.343031192	0.378163333	0.468284012	0.058167041	0.201558667
1153	0.353118643	0.342538859	0.37787187	0.467762545	0.05798894	0.201493974
1154	0.352681466	0.342076823	0.377602073	0.467278196	0.057784104	0.201480312
1155	0.352264977	0.341624105	0.377345589	0.466854378	0.057554008	0.201470392
1156	0.35187107	0.341184049	0.377106334	0.466509676	0.057313835	0.201449082
1157	0.351533444	0.340777032	0.376916059	0.466248574	0.057068284	0.201469539
1158	0.351257362	0.340408621	0.376776464	0.466043707	0.056834906	0.201557531
1159	0.350975533	0.340034477	0.376601164	0.465797808	0.056612559	0.201598527
1160	0.350645848	0.339633703	0.376332187	0.465430473	0.056381951	0.201465878
1161	0.350328612	0.339268076	0.376042832	0.465053798	0.056166135	0.201246301
1162	0.350039875	0.338935035	0.375765253	0.464749538	0.055998624	0.201050978
1163	0.349777237	0.338626602	0.37550481	0.464496699	0.055838587	0.200872998
1164	0.349501872	0.338298494	0.37524057	0.464179505	0.055524312	0.200678775
1165	0.349169516	0.337909157	0.374937066	0.463744389	0.055097155	0.200455271
1166	0.348844569	0.337519522	0.374673931	0.463267909	0.054712438	0.200234117
1167	0.34852443	0.337148389	0.374461277	0.462761129	0.054421991	0.200049712
1168	0.348197596	0.336862571	0.374267873	0.462322629	0.054256467	0.199935608
1169	0.347870502	0.336684211	0.374085994	0.461988932	0.054240529	0.199932333
1170	0.34752555	0.336520675	0.37387119	0.461626913	0.054235426	0.199997937
1171	0.347238804	0.336398961	0.373683058	0.461289806	0.054184414	0.200166412
1172	0.346996923	0.336298574	0.373530969	0.46104997	0.054119524	0.200423188
1173	0.346799003	0.336211842	0.373435422	0.460978995	0.054047621	0.200758503
1174	0.346696446	0.336202125	0.373429158	0.461093843	0.054044942	0.201204278
1175	0.346680405	0.336283546	0.373484931	0.461327563	0.054186662	0.201770048
1176	0.346742774	0.336438225	0.373591277	0.461642245	0.054441987	0.202386951
1177	0.346816385	0.336583273	0.373662066	0.461896021	0.054704884	0.202882757
1178	0.346955159	0.336762454	0.373770958	0.462169872	0.054991526	0.203310056
1179	0.347153793	0.336955984	0.373952588	0.462528687	0.055324251	0.203793875
1180	0.347406451	0.337159622	0.374206676	0.46297173	0.055698532	0.204358378
1181	0.347659908	0.337341743	0.374472483	0.46336465	0.05606195	0.204901253
1182	0.347912277	0.337508568	0.374751498	0.46369855	0.056374522	0.205401799
1183	0.348148087	0.337660722	0.375033435	0.464018524	0.056762009	0.205857467
1184	0.348421001	0.337860022	0.375376656	0.464416213	0.057256537	0.206288246
1185	0.348647695	0.338061474	0.375679943	0.464811355	0.057798568	0.206694154
1186	0.348838662	0.338296292	0.375948033	0.465237674	0.058372187	0.20710646
1187	0.349043294	0.338545336	0.376207585	0.465689167	0.058944083	0.207540183
1188	0.34932936	0.338805875	0.37650286	0.466189577	0.059474439	0.208025545
1189	0.349629474	0.339035771	0.37678451	0.466688121	0.059939354	0.208520304
1190	0.349891393	0.339232805	0.377035405	0.467160589	0.060317312	0.208987099
1191	0.350124559	0.339410663	0.377267494	0.467621817	0.060632323	0.209424881
1192	0.350347412	0.33959642	0.377503246	0.468088935	0.060938917	0.209809418
1193	0.350530969	0.339762188	0.377707752	0.468510812	0.061232131	0.2101313
1194	0.350680892	0.339884099	0.377858724	0.468868291	0.061479888	0.21037801
1195	0.350836946	0.339998594	0.377992614	0.469201152	0.061679973	0.210566713
1196	0.351039031	0.340149713	0.378192046	0.469595032	0.061904962	0.210791636
1197	0.35125142	0.340303981	0.378431238	0.470004368	0.062153783	0.211043125
1198	0.351456549	0.340468255	0.378683046	0.470397266	0.0624147	0.211322801
1199	0.351645864	0.340641069	0.378940338	0.470760291	0.062689789	0.211638152
1200	0.35179029	0.340786508	0.379157173	0.471070497	0.062964931	0.211949186
1201	0.351916572	0.340928001	0.379346065	0.471381797	0.063241096	0.212254381
1202	0.352040631	0.341081216	0.37952232	0.471719202	0.063496644	0.21257429
1203	0.352118206	0.341206017	0.379642812	0.47202126	0.063695496	0.212895201
1204	0.352202942	0.341343703	0.379768902	0.472337709	0.063858053	0.213233397
1205	0.352282372	0.341474407	0.379897591	0.472612756	0.064002331	0.213561963
1206	0.352393623	0.341627252	0.380058461	0.472894725	0.064126883	0.213890627
1207	0.352481161	0.341757219	0.380182546	0.473118789	0.064219304	0.214153252
1208	0.352554811	0.34187741	0.380286721	0.47330718	0.064283273	0.214352285
1209	0.352626279	0.341988445	0.380395188	0.473522938	0.064357502	0.214525616
1210	0.352717273	0.342109779	0.380535189	0.473810183	0.064452015	0.214680659
1211	0.352828899	0.342234734	0.380684376	0.474120859	0.064555671	0.214839095
1212	0.352937965	0.34233308	0.380806423	0.474415598	0.064674942	0.214991335
1213	0.353077398	0.34244073	0.380943767	0.474763254	0.064815198	0.21514626
1214	0.3532051	0.342515356	0.381050839	0.475108041	0.064970072	0.215282834
1215	0.353305254	0.342552549	0.381117414	0.475424086	0.065112526	0.215401858
1216	0.353379362	0.342573349	0.381162336	0.475725955	0.065222772	0.21551826
1217	0.35343625	0.342579113	0.381188779	0.476016891	0.065312396	0.215631566
1218	0.353488655	0.342570618	0.381204729	0.476291308	0.065388814	0.215730684
1219	0.353539831	0.34256455	0.381219239	0.476575777	0.065440463	0.21581529
1220	0.353595737	0.342590377	0.381251083	0.476904892	0.065463698	0.215899749
1221	0.353624112	0.342618573	0.381271395	0.477220997	0.065464369	0.215972971
1222	0.353663605	0.342666613	0.381313693	0.477548077	0.065463247	0.216052574
1223	0.353717845	0.342734124	0.381380476	0.477880436	0.06546334	0.216137493
1224	0.353824466	0.342855241	0.381501663	0.478274963	0.065482122	0.216244747
1225	0.353959964	0.343001712	0.381649355	0.478698491	0.065513462	0.216360382
1226	0.354107892	0.343156628	0.38182381	0.479136384	0.065543975	0.216518897
1227	0.354264979	0.343318905	0.382024689	0.479594847	0.065578698	0.216730583
1228	0.354430933	0.343492418	0.382238321	0.480074331	0.065607692	0.216960774
1229	0.354596003	0.343666615	0.382448036	0.480560513	0.065633943	0.217190775
1230	0.354711462	0.343791927	0.38259971	0.480997127	0.065657531	0.217390411
1231	0.354795358	0.343889299	0.382705598	0.481397947	0.065675177	0.21756804
1232	0.354850197	0.343962499	0.382771826	0.48174923	0.065697112	0.217725449
1233	0.354916196	0.34406074	0.382861081	0.482111702	0.06573658	0.217884591
1234	0.354966054	0.344157833	0.382945688	0.482445623	0.065782177	0.218025141
1235	0.354980242	0.344222272	0.38299393	0.482701344	0.065838704	0.21812742
1236	0.355020437	0.344312516	0.383068377	0.482961841	0.065915199	0.218232742
1237	0.355039856	0.344389515	0.383110355	0.483194594	0.065989116	0.218317868
1238	0.355077234	0.344484779	0.383155395	0.483458858	0.066064899	0.218401608
1239	0.355129404	0.344585026	0.383196785	0.483728597	0.066147542	0.218493429
1240	0.355198925	0.344692069	0.383236303	0.483996884	0.066237382	0.218602022
1241	0.355291465	0.344810504	0.383287065	0.484275051	0.066329238	0.218721584
1242	0.35534795	0.344880474	0.383292608	0.484491383	0.066411923	0.218813061
1243	0.35540293	0.344932404	0.383286045	0.484699158	0.066487639	0.218911304
1244	0.355433509	0.344947579	0.383249223	0.484869505	0.066548394	0.219020676
1245	0.3554786	0.344971583	0.383231004	0.485071063	0.066589274	0.219151838
1246	0.355539168	0.345007057	0.383232901	0.485308886	0.066602625	0.219288077
1247	0.355619956	0.345062943	0.38326818	0.485587319	0.066608545	0.21944479
1248	0.35570536	0.345145646	0.383326083	0.485888606	0.06660174	0.219622339
1249	0.355783452	0.345243453	0.383392304	0.48618666	0.066588708	0.219796994
1250	0.355861335	0.345344813	0.383472012	0.486482595	0.066600475	0.219966216
1251	0.355934197	0.345442049	0.383561925	0.486767257	0.066628614	0.22012373
1252	0.355980115	0.345510088	0.383636292	0.487001213	0.066650061	0.220246502
1253	0.355996824	0.345547769	0.383691946	0.487183722	0.066668149	0.22033515
1254	0.356018896	0.345594093	0.383758232	0.487373576	0.066683029	0.220430147
1255	0.356034537	0.345634759	0.38381817	0.487554389	0.066696489	0.220529453
1256	0.356073733	0.345693452	0.383904144	0.487760726	0.066740477	0.220635636
1257	0.356158437	0.345794827	0.384034134	0.488023051	0.066815508	0.220763428
1258	0.356233807	0.345888809	0.384155475	0.488266851	0.066895627	0.220892913
1259	0.356285688	0.345958436	0.384253182	0.488482121	0.066970479	0.221016596
1260	0.356286878	0.34597156	0.384289048	0.488640221	0.067042429	0.221119204
1261	0.356303628	0.345985713	0.384334158	0.488833337	0.067135193	0.221246724
1262	0.356312854	0.345985056	0.384372444	0.489038855	0.067222214	0.221377754
1263	0.356343086	0.346005787	0.384434096	0.489297137	0.067279539	0.221513592
1264	0.356345724	0.346000449	0.384464316	0.489531696	0.067301973	0.221626125
1265	0.356358549	0.346002167	0.384506498	0.489789524	0.067299875	0.221752589
1266	0.35638018	0.346012449	0.384554311	0.49006117	0.067273583	0.221885462
1267	0.356399894	0.346008834	0.384586725	0.490316459	0.067249565	0.222001304
1268	0.356427841	0.346003059	0.384619105	0.490566268	0.067240646	0.222111183
1269	0.356417468	0.345960947	0.384619731	0.490745655	0.067212352	0.222175129
1270	0.356362665	0.345879875	0.384583539	0.49084925	0.067155195	0.222178531
1271	0.356273982	0.34578172	0.384516182	0.49089774	0.067089208	0.222135412
1272	0.3561692	0.345681932	0.384429347	0.490913937	0.067023493	0.222070894
1273	0.356098657	0.345616391	0.384370828	0.490981748	0.066983105	0.222030577
1274	0.356041313	0.345562629	0.384323305	0.491070707	0.066972447	0.222002963
1275	0.355972329	0.345497081	0.384267854	0.491130371	0.066968843	0.221966121
1276	0.355891717	0.345419326	0.384210537	0.491160832	0.066979541	0.221925753
1277	0.355812806	0.345341574	0.384155667	0.491188565	0.067011559	0.221914679
1278	0.355731992	0.345257391	0.384099394	0.491214766	0.067059446	0.221947923
1279	0.355656788	0.34517122	0.384054723	0.491259323	0.06712252	0.222008417
1280	0.355583899	0.345082521	0.384002432	0.491311207	0.06717501	0.222060577
1281	0.355534675	0.345016107	0.383963854	0.491391635	0.067208263	0.222119629
1282	0.355481582	0.344938305	0.383918179	0.491458324	0.067226185	0.222185154
1283	0.355482521	0.344902747	0.383935047	0.491590484	0.067239206	0.222289262
1284	0.355483269	0.344868524	0.383955617	0.491710175	0.06725526	0.222393005
1285	0.355464302	0.34482142	0.383962962	0.491798138	0.067279952	0.2224841
1286	0.355395631	0.344733041	0.383945099	0.491827671	0.067288772	0.222538282
1287	0.355294323	0.344622295	0.38392201	0.491827762	0.0672738	0.222559134
1288	0.355187405	0.344517284	0.383896522	0.491847492	0.067251426	0.222561376
1289	0.355074886	0.344418423	0.383860278	0.491889744	0.067221409	0.222549995
1290	0.354957721	0.344313801	0.383813088	0.491949411	0.067176638	0.222547588
1291	0.354840992	0.344202119	0.38376176	0.492036581	0.067135431	0.222567673
1292	0.354722722	0.344083595	0.383721181	0.492115366	0.067092101	0.222587003
1293	0.354589224	0.343951337	0.383693195	0.492152654	0.067042466	0.22258853
1294	0.354466329	0.343838168	0.383697687	0.492203781	0.067009195	0.222605695
1295	0.354332365	0.343717638	0.383688969	0.492239728	0.066974758	0.222637721
1296	0.354201896	0.343593876	0.383672612	0.492281858	0.066941587	0.222684423
1297	0.354095589	0.343482107	0.383654966	0.492352376	0.066938495	0.222735287
1298	0.354023626	0.343391738	0.383646249	0.49245911	0.066953062	0.222794894
1299	0.353939748	0.343285758	0.383612659	0.492547197	0.066968444	0.222852598
1300	0.353818586	0.343137601	0.383533456	0.492578877	0.066982238	0.222890943
1301	0.353699705	0.342974135	0.383446632	0.492603023	0.06699639	0.222919565
1302	0.353549742	0.342765224	0.383320684	0.492574453	0.0670107	0.222912514
1303	0.353359019	0.342505058	0.38315729	0.492486676	0.067027407	0.222855136
1304	0.353179848	0.342248759	0.383022615	0.492422016	0.067050645	0.222775702
1305	0.353029241	0.342030171	0.382933978	0.492420702	0.067089316	0.222693798
1306	0.352848	0.34179736	0.382826133	0.492405274	0.067124689	0.222595012
1307	0.352646899	0.341544162	0.382708393	0.492358984	0.067133503	0.222504043
1308	0.35240608	0.341254766	0.38256643	0.492240621	0.067126458	0.22241504
1309	0.352151899	0.340974004	0.382462924	0.492097098	0.06712194	0.222327938
1310	0.35188446	0.340696348	0.38239816	0.491914717	0.067103103	0.222226592
1311	0.351609378	0.340412614	0.382339632	0.491710183	0.067094603	0.222131437
1312	0.351359195	0.340151282	0.382296109	0.491539525	0.067126312	0.222060323
1313	0.35109956	0.33987517	0.382229725	0.491349008	0.067154464	0.221973713
1314	0.350827147	0.339581817	0.382150969	0.491144794	0.067171323	0.221862921
1315	0.350550376	0.339278413	0.38205664	0.490936739	0.067184302	0.221741961
1316	0.350251195	0.338931546	0.381906758	0.490690665	0.067158658	0.221603955
1317	0.34995353	0.338560757	0.381730978	0.490431328	0.067104404	0.221472635
1318	0.349644332	0.33815389	0.381524978	0.490135994	0.067039966	0.221346697
1319	0.349385561	0.337782374	0.381359284	0.489898457	0.066981633	0.22125162
1320	0.349114667	0.337423141	0.381184589	0.48964822	0.066929687	0.221134512
1321	0.34881348	0.337067431	0.380990359	0.489373652	0.066878273	0.220986398
1322	0.348506509	0.33673014	0.380796041	0.4891245	0.066814453	0.220847438
1323	0.348165351	0.336375216	0.380571414	0.488856715	0.066723856	0.220708987
1324	0.34774817	0.335953116	0.380282146	0.48850005	0.066578814	0.220535862
1325	0.347296364	0.335490944	0.379968927	0.488083012	0.066386647	0.220352207
1326	0.346826994	0.334998012	0.379656983	0.487624918	0.066181105	0.220170292
1327	0.346358796	0.334503191	0.379381069	0.487173167	0.065976762	0.219977052
1328	0.345872117	0.333976961	0.379084168	0.486668821	0.065782319	0.219749997
1329	0.345392302	0.333438157	0.378770971	0.486147057	0.065621726	0.219500322
1330	0.344865294	0.332847577	0.378419322	0.485557787	0.065451967	0.219177523
1331	0.344278386	0.332193113	0.378026049	0.484877733	0.065238489	0.218759741
1332	0.343652067	0.331492082	0.37758966	0.484154522	0.065002817	0.218268177
1333	0.342996203	0.33076167	0.377103375	0.483425908	0.06475158	0.217756025
1334	0.342308665	0.330003954	0.376564832	0.482652417	0.064497741	0.217244783
1335	0.341682681	0.329320967	0.376105829	0.481936939	0.064285953	0.216806522
1336	0.34105294	0.328644985	0.375657396	0.48120631	0.0640924	0.216389812
1337	0.340440352	0.327995243	0.375238977	0.480512276	0.063893709	0.216010263
1338	0.339775137	0.327310084	0.374779112	0.479756025	0.063659317	0.215618953
1339	0.33907378	0.326584877	0.374293653	0.478948343	0.063368083	0.215199773
1340	0.338349609	0.325817808	0.373777015	0.478102757	0.063016767	0.214752071
1341	0.337611335	0.325010022	0.373224631	0.477222056	0.062609807	0.214268602
1342	0.336862767	0.32416888	0.372652125	0.476317987	0.062141166	0.213752354
1343	0.336108617	0.323294758	0.37206247	0.475379035	0.061601895	0.2132353
1344	0.335337892	0.32236194	0.371430059	0.474394231	0.060987683	0.212702174
1345	0.334606105	0.321432252	0.370815108	0.47345941	0.06029476	0.2121719
1346	0.333865716	0.320474229	0.370185403	0.472495756	0.059543669	0.211622565
1347	0.333108361	0.319487845	0.369572996	0.471525196	0.058781548	0.211057695
1348	0.332344255	0.318492788	0.369004304	0.470559744	0.058010605	0.210481078
1349	0.331580035	0.317529586	0.368474992	0.469617834	0.057264376	0.209899651
1350	0.330800208	0.316612538	0.367961904	0.468747775	0.056630787	0.209352342
1351	0.330039661	0.315778479	0.367496111	0.467999519	0.056097548	0.208870242
1352	0.329277283	0.315003504	0.367047856	0.467236891	0.055615999	0.208404973
1353	0.328538789	0.314276404	0.366625437	0.46646354	0.05517302	0.207937938
1354	0.327738398	0.313470296	0.366089575	0.465597767	0.054723147	0.207380333
1355	0.326844335	0.312554862	0.365417673	0.464590714	0.054261964	0.206736589
1356	0.325916305	0.311618427	0.364701768	0.46353594	0.053820603	0.206030861
1357	0.324983035	0.310693987	0.363979631	0.462477706	0.053407014	0.205245496
1358	0.324016132	0.309738061	0.363201763	0.461313977	0.05298588	0.204339472
1359	0.323009546	0.308733807	0.362356979	0.460033861	0.052526633	0.203338573
1360	0.321961394	0.307690061	0.361476677	0.458709647	0.05202539	0.202317146
1361	0.320872075	0.306592253	0.360577454	0.457354346	0.051489048	0.201319255
1362	0.319760889	0.305423624	0.35966371	0.455963334	0.050909474	0.200347381
1363	0.318667598	0.304229477	0.358797896	0.454637961	0.050278421	0.199446267
1364	0.317506268	0.302983934	0.35794367	0.45334132	0.049638842	0.19857857
1365	0.316345017	0.301753458	0.357182408	0.452127194	0.049072032	0.197780596
1366	0.315289056	0.300612386	0.356584247	0.451054774	0.048629161	0.197150012
1367	0.314246719	0.29947269	0.356023854	0.450008375	0.048280369	0.196582154
1368	0.313207053	0.298304073	0.355500959	0.449024565	0.04797835	0.195981932
1369	0.312188035	0.29708304	0.355009115	0.44810269	0.047674017	0.195327623
1370	0.311119848	0.295757136	0.354454813	0.44708947	0.047374034	0.194618984
1371	0.310009372	0.29435804	0.353825679	0.446057592	0.047182737	0.193928389
1372	0.308830011	0.29286442	0.353097896	0.444971375	0.047099581	0.193252913
1373	0.307555703	0.291277589	0.352319455	0.443747549	0.047050852	0.192595854
1374	0.306180428	0.289602996	0.351491022	0.442446047	0.047012262	0.191900598
1375	0.304642902	0.287751587	0.350524193	0.441000858	0.046921708	0.191076192
1376	0.302922734	0.285701446	0.349401384	0.439297825	0.046773264	0.190080287
1377	0.301114198	0.283558701	0.348215766	0.437472211	0.046645252	0.188990456
1378	0.299212558	0.281343561	0.347001694	0.435582165	0.046571202	0.187865627
1379	0.297191206	0.279044788	0.345777106	0.433553961	0.046544679	0.186690178
1380	0.295009274	0.276634552	0.344467426	0.431317674	0.046515927	0.185400874
1381	0.292696461	0.274166721	0.34310024	0.42899918	0.04648719	0.184016914
1382	0.290277623	0.271660607	0.341696131	0.426637599	0.046490104	0.182557034
1383	0.287843232	0.269169477	0.340286341	0.424258061	0.046549913	0.181060338
1384	0.285353813	0.266620682	0.338794975	0.421773726	0.0465995	0.179506593
1385	0.282697466	0.263845788	0.337083804	0.419050615	0.046474186	0.177693098
1386	0.279929139	0.260905473	0.335236548	0.416209097	0.046198962	0.175682775
1387	0.27709987	0.257867077	0.333327331	0.413321544	0.045922648	0.173722967
1388	0.27420891	0.254753911	0.331357679	0.410385479	0.045676188	0.171913797
1389	0.271301587	0.251638522	0.329371437	0.407511819	0.045471878	0.170288201
1390	0.268331977	0.248459481	0.327329992	0.404608878	0.045223496	0.168754431
1391	0.26525839	0.24518302	0.325212702	0.401602464	0.044913633	0.167171168
1392	0.262051079	0.241785717	0.322941493	0.398485192	0.044650398	0.165417047
1393	0.258758161	0.238298001	0.320545596	0.395311279	0.044393449	0.163574178
1394	0.255446246	0.234788969	0.318115038	0.392070423	0.044108738	0.16169619
1395	0.252205639	0.231356233	0.315743634	0.38884869	0.043879892	0.159848014
1396	0.248984027	0.227975488	0.313424612	0.385658554	0.043743718	0.158081035
1397	0.245727993	0.224610885	0.311114028	0.382403795	0.043636558	0.156317793
1398	0.242425364	0.221234266	0.308738569	0.379005188	0.04352764	0.154511958
1399	0.239176103	0.217937792	0.306382099	0.375622519	0.043461297	0.152735977
1400	0.235991123	0.214720708	0.304013516	0.372261659	0.043386542	0.150955577
1401	0.232878015	0.211603344	0.301606966	0.368947314	0.043258667	0.149136816
1402	0.229738156	0.208494204	0.299056678	0.365593238	0.043040746	0.147189533
1403	0.226602462	0.205398002	0.296411103	0.36223495	0.042749042	0.145179084
1404	0.223504902	0.202394309	0.293749952	0.358904632	0.042503739	0.143304616
1405	0.220478393	0.199495491	0.291149526	0.355653165	0.042312444	0.141654817
1406	0.217566836	0.196706266	0.288638762	0.352561468	0.042090481	0.140172588
1407	0.214795706	0.194063998	0.286240161	0.34968051	0.041879948	0.138828499
1408	0.212118221	0.191525275	0.283945196	0.346889241	0.041746432	0.137593654
1409	0.209513202	0.189067148	0.281741255	0.344113988	0.041732468	0.136406207
1410	0.206914281	0.18662485	0.279527416	0.341324299	0.041831426	0.135222618
1411	0.204345158	0.184222986	0.277357589	0.338624515	0.041895992	0.134116342
1412	0.201800322	0.181849821	0.275208806	0.335908324	0.041850882	0.133069392
1413	0.199351441	0.179571497	0.273139669	0.333237577	0.041779272	0.132135828
1414	0.196937116	0.177312743	0.271122228	0.330569804	0.041648678	0.131252598
1415	0.194515289	0.174996055	0.269101478	0.327766401	0.041384068	0.130294589
1416	0.192110815	0.172667361	0.267078055	0.324852163	0.041042456	0.129291192
1417	0.189776174	0.170426531	0.265137294	0.322009935	0.040656792	0.12827887
1418	0.187529523	0.168279587	0.263259666	0.31928176	0.040227143	0.127219493
1419	0.18542566	0.166281208	0.261466867	0.316798098	0.03985483	0.126148931
1420	0.183431272	0.164443335	0.259724007	0.314532745	0.039560524	0.125075047
1421	0.181564406	0.162794057	0.258070118	0.312448146	0.039353226	0.124114063
1422	0.17981191	0.161278825	0.256492606	0.31048355	0.039214543	0.123268712
1423	0.178162798	0.159823333	0.25498801	0.30861332	0.039041015	0.122412134
1424	0.176641907	0.158459278	0.253581712	0.306883612	0.038855929	0.121587386
1425	0.175262924	0.157232031	0.252291996	0.305306007	0.038771587	0.12094238
1426	0.174053597	0.156174524	0.251168131	0.303917208	0.038829882	0.120524809
1427	0.172986859	0.155281933	0.250156615	0.302728688	0.03902183	0.120227331
1428	0.172004618	0.154512129	0.249207922	0.301706887	0.039322345	0.119981849
1429	0.171051185	0.153821723	0.248311436	0.300735579	0.039607136	0.119796735
1430	0.170163786	0.153207118	0.247446651	0.299776412	0.03985598	0.119699331
1431	0.169435489	0.152708927	0.246702861	0.298971434	0.040150487	0.11975475
1432	0.16883342	0.15227878	0.246081549	0.298299851	0.040488871	0.119887337
1433	0.168371963	0.151927372	0.245571281	0.297748388	0.040883461	0.120051068
1434	0.168042195	0.151698473	0.245185184	0.297372798	0.041334126	0.120278215
1435	0.167780964	0.151556582	0.244907177	0.297167135	0.041791372	0.120534547
1436	0.167640436	0.151520876	0.244752508	0.297202891	0.042293792	0.120832139
1437	0.167666441	0.151627805	0.244741771	0.297534642	0.04286914	0.121193306
1438	0.167760066	0.151804738	0.244788852	0.297989655	0.043423265	0.121545312
1439	0.16787728	0.152009772	0.244857683	0.298472474	0.043964311	0.121876836
1440	0.167974454	0.152152414	0.244896566	0.298872732	0.044469936	0.122132894
1441	0.168008761	0.15218247	0.244874806	0.299135995	0.044884996	0.122275857
1442	0.168043584	0.152209457	0.244872269	0.299390889	0.045274409	0.122474924
1443	0.16810832	0.152283394	0.244904139	0.299677812	0.0456436	0.122784099
1444	0.168230937	0.152424994	0.244996526	0.300062702	0.045967472	0.12312153
1445	0.168353654	0.152578929	0.245082155	0.300426718	0.046245357	0.123401113
1446	0.168449159	0.152706462	0.245147375	0.300657434	0.046465849	0.123646745
1447	0.168511161	0.152796277	0.245194514	0.30077133	0.046637169	0.123869791
1448	0.168609832	0.152909994	0.245280128	0.300932224	0.046856883	0.124081112
1449	0.168784877	0.153078989	0.245417958	0.301172	0.047168835	0.124322738
1450	0.169055746	0.153332254	0.245628118	0.301505386	0.047579753	0.124574105
1451	0.16939181	0.153639675	0.245866598	0.301867348	0.048030403	0.124791778
1452	0.16976273	0.153967742	0.246137645	0.302239957	0.048440734	0.125012392
1453	0.170115863	0.154285715	0.2463925	0.302594315	0.048793221	0.125206186
1454	0.170525088	0.154660416	0.246689422	0.303037796	0.049128264	0.125373476
1455	0.171013804	0.155111199	0.247045633	0.303582245	0.049471904	0.125565349
1456	0.171503171	0.155603585	0.247412318	0.304151493	0.049807132	0.125840516
1457	0.171996741	0.156139719	0.247802446	0.304733524	0.050160388	0.126210052
1458	0.172512705	0.156689455	0.248197607	0.305318048	0.050567758	0.126654605
1459	0.173043411	0.157238387	0.248606017	0.305918871	0.050975042	0.127148821
1460	0.173593149	0.157801857	0.249058071	0.306539523	0.051314132	0.127663753
1461	0.174168121	0.158388587	0.249531883	0.307183691	0.051563251	0.128167836
1462	0.174753631	0.15898114	0.25001884	0.307855865	0.051730456	0.128630375
1463	0.175336674	0.159562481	0.250527335	0.30850555	0.051863133	0.129047374
1464	0.175906565	0.160145703	0.251039285	0.309110224	0.05199325	0.12943453
1465	0.176466331	0.160750626	0.251560564	0.309752107	0.052147329	0.129816623
1466	0.177020808	0.161362581	0.252095264	0.310427433	0.052334543	0.130186312
1467	0.177619811	0.161996745	0.25265886	0.311116859	0.052557107	0.130574825
1468	0.178299511	0.162668973	0.253279704	0.311843979	0.052845864	0.131009966
1469	0.179028632	0.163339411	0.253924377	0.312531254	0.053152282	0.131458913
1470	0.179822328	0.164038541	0.254607696	0.313235146	0.053437646	0.131954314
1471	0.18065556	0.164792281	0.255290117	0.313991201	0.053716308	0.132494925
1472	0.18153594	0.165616826	0.255993137	0.314828811	0.053994477	0.133055622
1473	0.18244639	0.166505027	0.256718874	0.315741696	0.054273362	0.133677892
1474	0.183356586	0.167434368	0.257448977	0.316695758	0.054541496	0.134376279
1475	0.184276281	0.168355958	0.258176844	0.31764938	0.054783299	0.135042982
1476	0.185229817	0.16927253	0.258901948	0.318619078	0.055045502	0.135680454
1477	0.186171186	0.170162329	0.259590112	0.319555752	0.055295838	0.136276884
1478	0.187111277	0.171041971	0.26028596	0.320481204	0.055505681	0.136818846
1479	0.188049528	0.17192316	0.260978149	0.321411343	0.055725473	0.137331351
1480	0.188996572	0.172822157	0.261689728	0.322377643	0.055964728	0.13783936
1481	0.18993905	0.173737808	0.262406071	0.323331284	0.056228625	0.138341417
1482	0.190875553	0.1746702	0.2631111	0.324250239	0.05649461	0.138845823
1483	0.191823113	0.175596547	0.263822465	0.325153188	0.056694203	0.139356366
1484	0.192797664	0.176503632	0.264561161	0.326043826	0.0568384	0.139859186
1485	0.193815231	0.17740944	0.265335941	0.326948332	0.057005824	0.140358568
1486	0.19490293	0.178361924	0.266184451	0.327923381	0.057236111	0.140904244
1487	0.196015347	0.179346223	0.267050637	0.328911922	0.057468165	0.141475576
1488	0.197129749	0.180365331	0.267916642	0.329920313	0.057648901	0.142085021
1489	0.198225852	0.181399421	0.268798723	0.330932623	0.057787724	0.142738838
1490	0.199305433	0.182433917	0.269711228	0.331941735	0.05789555	0.143400836
1491	0.200384512	0.18348768	0.270649449	0.332965442	0.057981682	0.144087191
1492	0.201471591	0.184561596	0.271610739	0.333999827	0.058056231	0.144806147
1493	0.20254796	0.185625957	0.272577967	0.335028646	0.058090973	0.145503896
1494	0.203612836	0.186691521	0.273530118	0.3360646	0.058127955	0.146197234
1495	0.204690828	0.187776408	0.274485291	0.337143856	0.058237407	0.146937411
1496	0.205811795	0.188899983	0.275489519	0.338294528	0.058416579	0.147728204
1497	0.206951617	0.190044068	0.276502575	0.339464462	0.058646499	0.148525265
1498	0.208114422	0.191209822	0.277520963	0.340651659	0.058908342	0.149308705
1499	0.20926509	0.192368806	0.27850265	0.341796341	0.059165289	0.150045111
1500	0.210399039	0.193505331	0.279442066	0.342903089	0.059363004	0.150738553
1501	0.2115373	0.194629718	0.280360624	0.344009018	0.059502058	0.151409416
1502	0.212686424	0.195762821	0.281260198	0.345115034	0.059660579	0.1520626
1503	0.213836365	0.196907894	0.282142675	0.346231791	0.059867328	0.152694796
1504	0.214960706	0.19806346	0.283011306	0.347359281	0.060078094	0.153313892
1505	0.216027808	0.199192844	0.283829638	0.348424148	0.060248882	0.153904852
1506	0.217055264	0.200295305	0.28464411	0.349430271	0.060397767	0.154482417
1507	0.218076853	0.201396627	0.285497711	0.350431764	0.060562073	0.155081081
1508	0.219118696	0.202514022	0.28637183	0.351464218	0.060765844	0.15570601
1509	0.220209193	0.203683843	0.287284488	0.352558494	0.06100377	0.156387989
1510	0.2212781	0.204849746	0.288159063	0.353595966	0.061227266	0.157093683
1511	0.222312517	0.205982931	0.288994494	0.354583313	0.06140634	0.157786733
1512	0.223348408	0.207081453	0.289824703	0.355590695	0.061553108	0.158488948
1513	0.22439059	0.20815125	0.290645114	0.35660788	0.061713993	0.159224033
1514	0.225462993	0.209235265	0.291482939	0.35763582	0.06189943	0.15998722
1515	0.226523206	0.210304142	0.292287083	0.358620574	0.062073686	0.160721388
1516	0.227537994	0.211351763	0.293015768	0.359559772	0.062224001	0.161420195
1517	0.228507247	0.212377452	0.293684403	0.360455333	0.062332519	0.162088748
1518	0.229478641	0.213404131	0.294366962	0.361358893	0.062433676	0.162754532
1519	0.230465772	0.214440759	0.295083539	0.362293604	0.062553288	0.163422822
1520	0.23141843	0.215447822	0.295789951	0.363213131	0.06265057	0.164045311
1521	0.232307334	0.21640818	0.296467221	0.364098047	0.062713716	0.164602608
1522	0.233155817	0.217345467	0.297141103	0.364967178	0.062765574	0.165121924
1523	0.233997092	0.218269096	0.297832318	0.365818157	0.062807502	0.165617161
1524	0.234863519	0.219196286	0.298563872	0.36667793	0.062837318	0.166093859
1525	0.235757272	0.220129899	0.299315806	0.367560656	0.062872403	0.166561163
1526	0.236637298	0.221039316	0.300043497	0.368419729	0.062916383	0.166995805
1527	0.237513971	0.221949896	0.30077596	0.369264355	0.062954952	0.16742892
1528	0.238358826	0.222830502	0.301455741	0.370033437	0.062965502	0.167860529
1529	0.239221687	0.223703046	0.302131466	0.370821186	0.062963564	0.168307023
1530	0.240128568	0.224583783	0.302834144	0.371657608	0.062978372	0.168784672
1531	0.241012811	0.225440452	0.303484542	0.372414927	0.063033818	0.16926536
1532	0.241924467	0.226332206	0.304148809	0.373182626	0.063132975	0.169786737
1533	0.242803942	0.227205039	0.304757253	0.373922998	0.063233721	0.170310431
1534	0.243643521	0.228072085	0.305306194	0.374641085	0.063347788	0.170854494
1535	0.244516314	0.228990487	0.305906307	0.375410939	0.063501577	0.171463371
1536	0.245408469	0.229924595	0.306553825	0.376199138	0.063687294	0.17210245
1537	0.24627594	0.230835336	0.30719995	0.37695458	0.063863994	0.172725318
1538	0.247123864	0.231738844	0.307852302	0.37770446	0.064008263	0.173346528
1539	0.247944522	0.232633645	0.308486203	0.378425883	0.064129626	0.173984627
1540	0.24876565	0.233541598	0.309123518	0.379165913	0.064251612	0.174654676
1541	0.249568786	0.234431535	0.309720512	0.379911145	0.064363058	0.175314531
1542	0.250365443	0.235307112	0.310311648	0.380667756	0.064454334	0.175941633
1543	0.251097403	0.236117551	0.31087072	0.381353006	0.064511745	0.176480598
1544	0.251780873	0.236892234	0.311412954	0.382011337	0.064560697	0.176965616
1545	0.252484813	0.237701071	0.311994343	0.382743176	0.064644778	0.177492853
1546	0.253183048	0.23850364	0.312560384	0.383480965	0.064737859	0.178027865
1547	0.253869082	0.239289624	0.313100392	0.384191066	0.064819785	0.178519142
1548	0.254545609	0.240057911	0.313627183	0.384873451	0.06491328	0.178976087
1549	0.255168638	0.24076623	0.314101275	0.385477467	0.065013384	0.179393237
1550	0.255795333	0.241470536	0.31458165	0.386094271	0.065104267	0.179803128
1551	0.256411905	0.242148948	0.315034301	0.386685235	0.065158662	0.180187504
1552	0.257031826	0.24283517	0.315472455	0.387259061	0.065213792	0.180576215
1553	0.257713075	0.243612097	0.315941236	0.38790016	0.065342478	0.181017529
1554	0.258404945	0.244402167	0.316392671	0.388530307	0.065500578	0.18145826
1555	0.259096038	0.245175059	0.316840805	0.389138021	0.065628766	0.181891222
1556	0.259813572	0.245966464	0.317312581	0.38977895	0.065726222	0.182357892
1557	0.260529382	0.246730543	0.317764994	0.390409129	0.06578626	0.182838087
1558	0.261264934	0.24748511	0.318226637	0.391074426	0.065834785	0.183333029
1559	0.261955124	0.24818833	0.318627645	0.391679516	0.065873211	0.18380247
1560	0.262626381	0.248875843	0.319044121	0.392258141	0.065905251	0.184257193
1561	0.263253393	0.249534839	0.319468899	0.392794539	0.065927999	0.184682636
1562	0.263852632	0.250192465	0.3198914	0.393333206	0.065957672	0.185119797
1563	0.264422643	0.250844599	0.320293684	0.393872432	0.065989686	0.185554236
1564	0.264954881	0.251467203	0.320669291	0.394377249	0.065992095	0.185930612
1565	0.265456356	0.252056558	0.321029251	0.39483865	0.065949355	0.18626638
1566	0.265947041	0.25263096	0.321411064	0.395297831	0.065898659	0.186613617
1567	0.266395017	0.25316459	0.3217815	0.395711916	0.065857033	0.186933189
1568	0.266822755	0.253677409	0.322137707	0.396102356	0.065817328	0.187209753
1569	0.26726424	0.254214514	0.322513779	0.396521551	0.065815396	0.187472753
1570	0.267737539	0.254818525	0.322925071	0.397005701	0.065901628	0.187757297
1571	0.268248894	0.255488832	0.323357399	0.397559277	0.066040195	0.188058082
1572	0.268785461	0.256169898	0.323828779	0.398162366	0.066158101	0.188349504
1573	0.26931854	0.256820131	0.324305721	0.398781621	0.066259169	0.188634661
1574	0.269875563	0.257470391	0.324786864	0.399450116	0.066378733	0.18895673
1575	0.270421273	0.258089631	0.325238916	0.400102546	0.066495835	0.18926798
1576	0.270973941	0.258711395	0.325691177	0.400759229	0.06660448	0.18957561
1577	0.2715057	0.25929461	0.326083477	0.401355788	0.06668918	0.189886951
1578	0.272078286	0.259884482	0.326488647	0.401994444	0.066758354	0.19023855
1579	0.272632979	0.260436764	0.32684763	0.402596882	0.066811632	0.190577737
1580	0.273160547	0.260946171	0.327149317	0.40314498	0.066829993	0.19090784
1581	0.273631579	0.261393459	0.327368201	0.403607767	0.066778986	0.191197461
1582	0.274104344	0.261843871	0.327599053	0.404061185	0.066681844	0.191481902
1583	0.274538131	0.262266308	0.327814979	0.404444345	0.066549505	0.191775596
1584	0.274911367	0.262658878	0.328016194	0.404759799	0.066416862	0.192063553
1585	0.275240419	0.263031291	0.328216558	0.405029245	0.066321495	0.192328586
1586	0.275568758	0.263414206	0.328439266	0.405303065	0.066289802	0.192602532
1587	0.27596358	0.263880123	0.328767076	0.405689379	0.06633269	0.192919984
1588	0.276378823	0.264367219	0.329140288	0.40612172	0.066392256	0.193233052
1589	0.276789365	0.26485285	0.329534631	0.406595637	0.066434271	0.193515307
1590	0.277151301	0.265314614	0.329920694	0.407096894	0.06648088	0.193753479
1591	0.277444288	0.265725823	0.33025245	0.407574374	0.06652296	0.193961608
1592	0.27772861	0.266137765	0.330580422	0.40806682	0.066527087	0.194155564
1593	0.277985702	0.266524863	0.330879394	0.408525592	0.066457347	0.194272546
1594	0.278232895	0.266892179	0.331138935	0.40895732	0.066293136	0.194331313
1595	0.278467533	0.2672305	0.331332006	0.409334056	0.066082127	0.194363723
1596	0.278733575	0.267603766	0.33152632	0.409721896	0.065901103	0.194406351
1597	0.278996727	0.267980936	0.331695534	0.410077765	0.065760202	0.194444724
1598	0.279273938	0.268355846	0.331872465	0.410447244	0.065660387	0.194496758
1599	0.279563133	0.268726557	0.332060313	0.410845779	0.065564894	0.194560038
1600	0.279886	0.269100548	0.332266367	0.411267762	0.065464085	0.194674609
